
0,0,0,0,0,0,0,0,0,0,0,0,0,0,0,0,0,0,0,0,0,0,0,0,0,0,0,0,0,0,0,0,0,0,0,0,0,0,0,0,0,0,0,0,0,0,0,0,0,0,0,0,0,0,0,0,0,0,0,0,0,0,0,0,0,0,0,0,0,0,0,0,0,0,0,0,0,0,0,0,0,0,0,0,0,0,0,0,0,0,0,0,0,0,0,0,0,0,0,0,0,0,0,0,0,0,0,0,0,0,0,0,0,0,0,0,0,0,0,0,0,0,0,0,0,0,0,0,0,0,0,0,0,0,0,0,0,0,0,0,0,0,0,0,0,0,0,0,0,0,0,0,0,0,0,0,0,0

0,0,0,0,0,0,0,0,0,0,0,0,0,0,0,0,0,0,0,0,0,0,0,0,0,0,0,0,0,0,0,0,0,0,0,0,0,0,0,0,0,0,0,0,0,0,0,0,0,0,0,0,0,0,0,0,0,0,0,0,0,0,-158,-316,-316,-316,-316,-158,0,0,0,0,0,0,0,0,0,0,0,0,0,0,0,0,0,0,0,0,0,0,0,0,0,0,0,0,0,0,0,0,0,0,0,0,0,0,0,0,0,0,0,0,0,0,0,0,0,0,0,0,0,0,0,0,0,0,0,0,0,0,0,0,0,0,0,0,0,0,0,0,0,0,0,0,0,0,0,0,0,0,0,0,0,0,0,0,0,0

0,0,0,0,0,0,0,0,0,0,0,0,0,0,0,0,0,0,0,0,0,0,0,0,0,0,0,0,0,0,0,0,0,0,0,0,0,0,0,0,0,0,0,0,0,0,0,0,0,0,0,0,0,-158,-316,-316,-316,-316,-316,-316,-316,-316,-474,-474,-316,-316,-316,-158,-158,-316,-316,-316,-316,-316,-316,-316,-316,-316,-158,0,0,0,0,0,0,0,0,0,0,0,0,0,0,0,0,0,0,0,0,0,0,0,0,0,0,0,0,0,0,0,0,0,0,0,0,0,0,0,0,0,0,0,0,0,0,0,0,0,0,0,0,0,0,0,0,0,0,0,0,0,0,0,0,0,0,0,0,0,0,0,0,0,0,0,0,0,0,0

0,0,0,0,0,0,0,0,0,0,0,0,0,0,0,0,0,0,0,0,0,0,0,0,0,0,0,0,0,0,0,0,0,0,0,0,0,0,0,0,0,0,0,0,0,0,0,0,0,-158,-316,-316,-316,-474,-474,-316,-316,-316,-316,-316,-316,-316,-316,-158,0,0,0,0,-158,-316,-316,-316,-316,-316,-316,-316,-316,-316,-158,-158,-316,-158,0,0,0,0,0,0,0,0,0,0,0,0,0,0,0,0,0,0,0,0,0,0,0,0,0,0,0,0,0,0,0,0,0,0,0,0,0,0,0,0,0,0,0,0,0,0,0,0,0,0,0,0,0,0,0,0,0,0,0,0,0,0,0,0,0,0,0,0,0,0,0,0,0,0,0,0

0,0,0,0,0,0,0,0,0,0,0,0,0,0,0,0,0,0,0,0,0,0,0,0,0,0,0,0,0,0,0,0,0,0,0,0,0,0,0,0,0,0,0,0,0,0,-158,-316,-316,-474,-474,-316,-316,-316,-158,0,0,0,0,0,0,0,0,0,0,0,0,0,0,0,0,0,0,0,0,0,0,0,0,-158,-316,-158,-158,-316,-158,0,0,0,0,0,0,0,0,0,0,0,0,0,0,0,0,0,0,0,0,0,0,0,0,0,0,0,0,0,0,0,0,0,0,0,0,0,0,0,0,0,0,0,0,0,0,0,0,0,0,0,0,0,0,0,0,0,0,0,0,0,0,0,0,0,0,0,0,0,0,0,0,0

0,0,0,0,0,0,0,0,0,0,0,0,0,0,0,0,0,0,0,0,0,0,0,0,0,0,0,0,0,0,0,0,0,0,0,0,0,0,0,0,0,0,0,0,-158,-316,-474,-474,-316,-316,-158,0,0,0,0,0,0,0,0,0,0,0,0,0,0,0,0,0,0,0,0,0,0,0,0,0,0,0,0,0,0,0,-158,-316,-158,-158,-316,-158,0,0,0,0,0,0,0,0,0,0,0,0,0,0,0,0,0,0,0,0,0,0,0,0,0,0,0,0,0,0,0,0,0,0,0,0,0,0,0,0,0,0,0,0,0,0,0,0,0,0,0,0,0,0,0,0,0,0,0,0,0,0,0,0,0,0,0,0,0,0

0,0,0,0,0,0,0,0,0,0,0,0,0,0,0,0,0,0,0,0,0,0,0,0,0,0,0,0,0,0,0,0,0,0,0,0,0,0,0,0,0,0,-158,-316,-474,-474,-316,-158,0,0,0,0,0,0,0,0,0,0,0,0,0,0,0,0,0,0,0,0,0,0,0,0,0,0,0,0,0,0,0,0,0,0,0,0,0,-158,-316,-158,-158,-158,0,0,0,0,0,0,0,0,0,0,0,0,0,0,0,0,0,0,0,0,0,0,0,0,0,0,0,0,0,0,0,0,0,0,0,0,0,0,0,0,0,0,0,0,0,0,0,0,0,0,0,0,0,0,0,0,0,0,0,0,0,0,0,0,0,0,0,0

0,0,0,0,0,0,0,0,0,0,0,0,0,0,0,0,0,0,0,0,0,0,0,0,0,0,0,0,0,0,0,0,0,0,0,0,0,0,0,0,0,-158,-474,-474,-316,-158,0,0,0,0,0,0,0,0,0,0,0,0,0,0,0,0,0,0,0,0,0,0,0,0,0,0,0,0,0,0,0,0,0,0,0,0,0,0,0,0,0,0,-158,-158,-158,-316,-158,0,0,0,0,0,0,0,0,0,0,0,0,0,0,0,0,0,0,0,0,0,0,0,0,0,0,0,0,0,0,0,0,0,0,0,0,0,0,0,0,0,0,0,0,0,0,0,0,0,0,0,0,0,0,0,0,0,0,0,0,0,0,0,0,0

0,0,0,0,0,0,0,0,0,0,0,0,0,0,0,0,0,0,0,0,0,0,0,0,0,0,0,0,0,0,0,0,0,0,0,0,0,0,0,-158,-316,-474,-474,-158,0,0,0,0,0,0,0,0,0,0,0,0,0,0,0,0,0,0,0,0,0,0,0,0,0,0,0,0,0,0,0,0,0,0,0,0,0,0,0,0,0,0,0,0,0,0,-158,-316,-158,-158,-158,0,0,0,0,0,0,0,0,0,0,0,0,0,0,0,0,0,0,0,0,0,0,0,0,0,0,0,0,0,0,0,0,0,0,0,0,0,0,0,0,0,0,0,0,0,0,0,0,0,0,0,0,0,0,0,0,0,0,0,0,0,0,0

0,0,0,0,0,0,0,0,0,0,0,0,0,0,0,0,0,0,0,0,0,0,0,0,0,0,0,0,0,0,0,0,0,0,0,0,0,0,-158,-474,-474,-316,-158,0,0,0,0,0,0,0,0,0,0,0,0,0,0,0,0,0,0,0,0,0,0,0,0,0,0,0,0,0,0,0,0,0,0,0,0,0,0,0,0,0,0,0,0,0,0,0,0,0,0,-158,-158,-158,-158,0,0,0,0,0,0,0,0,0,0,0,0,0,0,0,0,0,0,0,0,0,0,0,0,0,0,0,0,0,0,0,0,0,0,0,0,0,0,0,0,0,0,0,0,0,0,0,0,0,0,0,0,0,0,0,0,0,0,0,0,0

0,0,0,0,0,0,0,0,0,0,0,0,0,0,0,0,0,0,0,0,0,0,0,0,0,0,0,0,0,0,0,0,0,0,0,0,-158,-316,-474,-474,-158,0,0,0,0,0,0,0,0,0,0,0,0,0,0,0,0,0,0,0,0,0,0,0,0,0,0,0,0,0,0,0,0,0,0,0,0,0,0,0,0,0,0,0,0,0,0,0,0,0,0,0,0,0,0,-158,-158,-158,-158,0,0,0,0,0,0,0,0,0,0,0,0,0,0,0,0,0,0,0,0,0,0,0,0,0,0,0,0,0,0,0,0,0,0,0,0,0,0,0,0,0,0,0,0,0,0,0,0,0,0,0,0,0,0,0,0,0,0,0

0,0,0,0,0,0,0,0,0,0,0,0,0,0,0,0,0,0,0,0,0,0,0,0,0,0,0,0,0,0,0,0,0,0,0,-158,-474,-474,-316,-158,0,0,0,0,0,0,0,0,0,0,0,0,0,0,0,0,0,0,0,0,0,0,0,0,0,0,0,0,0,0,0,0,0,0,0,0,0,0,0,0,0,0,0,0,0,0,0,0,0,0,0,0,0,0,0,0,0,-158,-158,-158,-158,0,0,0,0,0,0,0,0,0,0,0,0,0,0,0,0,0,0,0,0,0,0,0,0,0,0,0,0,0,0,0,0,0,0,0,0,0,0,0,0,0,0,0,0,0,0,0,0,0,0,0,0,0,0,0,0,0

0,0,0,0,0,0,0,0,0,0,0,0,0,0,0,0,0,0,0,0,0,0,0,0,0,0,0,0,0,0,0,0,0,0,0,-316,-474,-158,0,0,0,0,0,0,0,0,0,0,0,0,0,0,0,0,0,0,0,0,0,0,0,0,0,0,0,0,0,0,0,0,0,0,0,0,0,0,0,0,0,0,0,0,0,0,0,0,0,0,0,0,0,0,0,0,0,0,0,0,0,-158,-158,0,0,0,0,0,0,0,0,0,0,0,0,0,0,0,0,0,0,0,0,0,0,0,0,0,0,0,0,0,0,0,0,0,0,0,0,0,0,0,0,0,0,0,0,0,0,0,0,0,0,0,0,0,0,0,0,0

0,0,0,0,0,0,0,0,0,0,0,0,0,0,0,0,0,0,0,0,0,0,0,0,0,0,0,0,0,0,0,0,0,0,-158,-474,-316,0,0,0,0,0,0,0,0,0,0,0,0,0,0,0,0,0,0,0,0,0,0,0,0,0,0,0,0,0,0,0,0,0,0,0,0,0,0,0,0,0,0,0,0,0,0,0,0,0,0,0,0,0,0,0,0,0,0,0,0,0,0,0,0,0,-158,-158,0,0,0,0,0,0,0,0,0,0,0,0,0,0,0,0,0,0,0,0,0,0,0,0,0,0,0,0,0,0,0,0,0,0,0,0,0,0,0,0,0,0,0,0,0,0,0,0,0,0,0,0,0,0

0,0,0,0,0,0,0,0,0,0,0,0,0,0,0,0,0,0,0,0,0,0,0,0,0,0,0,0,0,0,0,0,0,-158,-474,-474,-158,0,0,0,0,0,0,0,0,0,0,0,0,0,0,0,0,0,0,0,0,0,0,0,0,0,0,0,0,0,0,0,0,0,0,0,0,0,0,0,0,0,0,0,0,0,0,0,0,0,0,0,0,0,0,0,0,0,0,0,0,0,0,0,0,0,-158,-158,0,0,0,0,0,0,0,0,0,0,0,0,0,0,0,0,0,0,0,0,0,0,0,0,0,0,0,0,0,0,0,0,0,0,0,0,0,0,0,0,0,0,0,0,0,0,0,0,0,0,0,0,0,0

0,0,0,0,0,0,0,0,0,0,0,0,0,0,0,0,0,0,0,0,0,0,0,0,0,0,0,0,0,0,0,0,-158,-474,-474,-158,0,0,0,0,0,0,0,0,0,0,0,0,0,0,0,0,0,0,0,0,0,0,0,0,0,0,0,0,0,0,0,0,0,0,0,0,0,0,0,0,0,0,0,0,0,0,0,0,0,0,0,0,0,0,0,0,0,0,0,0,0,0,0,0,0,0,0,0,0,-158,-158,0,0,0,0,0,0,0,0,0,0,0,0,0,0,0,0,0,0,0,0,0,0,0,0,0,0,0,0,0,0,0,0,0,0,0,0,0,0,0,0,0,0,0,0,0,0,0,0,0,0,0

0,0,0,0,0,0,0,0,0,0,0,0,0,0,0,0,0,0,0,0,0,0,0,0,0,0,0,0,0,0,0,0,-316,-474,-158,0,0,0,0,0,0,0,0,0,0,0,0,0,0,0,0,0,0,0,0,0,0,0,0,0,0,0,0,0,0,0,0,0,0,0,0,0,0,0,0,0,0,0,0,0,0,0,0,0,0,0,0,0,0,0,0,0,0,0,0,0,0,0,0,0,0,0,0,0,0,-158,0,158,0,0,0,0,0,0,0,0,0,0,0,0,0,0,0,0,0,0,0,0,0,0,0,0,0,0,0,0,0,0,0,0,0,0,0,0,0,0,0,0,0,0,0,0,0,0,0,0,0,0

0,0,0,0,0,0,0,0,0,0,0,0,0,0,0,0,0,0,0,0,0,0,0,0,0,0,0,0,0,0,0,-158,-474,-316,0,0,0,0,0,0,0,0,0,0,0,0,0,0,0,0,0,0,0,0,0,0,0,0,0,0,0,0,0,0,0,0,0,0,0,0,0,0,0,0,0,0,0,0,0,0,0,0,0,0,0,0,0,0,0,0,0,0,0,0,0,0,0,0,0,0,0,0,0,0,0,0,158,158,0,0,0,0,0,0,0,0,0,0,0,0,0,0,0,0,0,0,0,0,0,0,0,0,0,0,0,0,0,0,0,0,0,0,0,0,0,0,0,0,0,0,0,0,0,0,0,0,0,0

0,0,0,0,0,0,0,0,0,0,0,0,0,0,0,0,0,0,0,0,0,0,0,0,0,0,0,0,0,0,0,-316,-474,-158,0,0,0,0,0,0,0,0,0,0,0,0,0,0,0,0,0,0,0,0,0,0,0,0,0,0,0,0,0,0,0,0,0,0,0,0,0,0,0,0,0,0,0,0,0,0,0,0,0,0,0,0,0,0,0,0,0,0,0,0,0,0,0,0,0,0,0,0,0,0,0,0,0,0,0,0,0,0,0,0,0,0,0,0,0,0,0,0,0,0,0,0,0,0,0,0,0,0,0,0,0,0,0,0,0,0,0,0,0,0,0,0,0,0,0,0,0,0,0,0,0,0,0,0

0,0,0,0,0,0,0,0,0,0,0,0,0,0,0,0,0,0,0,0,0,0,0,0,0,0,0,0,0,0,-158,-474,-316,0,0,0,0,0,0,0,0,0,0,0,0,0,0,0,0,0,0,0,0,0,0,0,0,0,0,0,0,0,0,0,0,0,0,0,0,0,0,0,0,0,0,0,0,0,0,0,0,0,0,0,0,0,0,0,0,0,0,0,0,0,0,0,0,0,0,0,0,0,0,0,0,0,0,0,0,0,0,0,0,0,0,0,0,0,0,0,0,0,0,0,0,0,0,0,0,0,0,0,0,0,0,0,0,0,0,0,0,0,0,0,0,0,0,0,0,0,0,0,0,0,0,0,0,0

0,0,0,0,0,0,0,0,0,0,0,0,0,0,0,0,0,0,0,0,0,0,0,0,0,0,0,0,0,-158,-474,-474,-158,0,0,0,0,0,0,0,0,0,0,0,0,0,0,0,0,0,0,0,0,0,0,0,0,0,0,0,0,0,0,0,0,0,0,0,0,0,0,0,0,0,0,0,0,0,0,0,0,0,0,0,0,0,0,0,0,0,0,0,0,0,0,0,0,0,0,0,0,0,0,0,0,0,0,0,0,0,0,0,0,0,0,0,0,0,0,0,0,0,0,0,0,0,0,0,0,0,0,0,0,0,0,0,0,0,0,0,0,0,0,0,0,0,0,0,0,0,0,0,0,0,0,0,0,0

0,0,0,0,0,0,0,0,0,0,0,0,0,0,0,0,0,0,0,0,0,0,0,0,0,0,0,0,0,-316,-474,-158,0,0,0,0,0,0,0,0,0,0,0,0,0,0,0,0,0,0,0,0,0,0,0,0,0,0,0,0,0,0,0,0,0,0,0,0,0,0,0,0,0,0,0,0,0,0,0,0,0,0,0,0,0,0,0,0,0,0,0,0,0,0,0,0,0,0,0,0,0,0,0,0,0,0,0,0,0,0,158,158,0,0,0,0,0,0,0,0,0,0,0,0,0,0,0,0,0,0,0,0,0,0,0,0,0,0,0,0,0,0,0,0,0,0,0,0,0,0,0,0,0,0,0,0,0,0

0,0,0,0,0,0,0,0,0,0,0,0,0,0,0,0,0,0,0,0,0,0,0,0,0,0,0,0,-158,-474,-316,0,0,0,0,0,0,0,0,0,0,0,0,0,0,0,0,0,0,0,0,0,0,0,0,0,0,0,0,0,0,0,0,0,0,0,0,0,0,0,0,0,0,0,0,0,0,0,0,0,0,0,0,0,0,0,0,0,0,0,0,0,0,0,0,0,0,0,0,0,0,0,0,0,0,0,0,0,0,0,158,158,0,0,0,0,0,0,0,0,0,0,0,0,0,0,0,0,0,0,0,0,0,0,0,0,0,0,0,0,0,0,0,0,0,0,0,0,0,0,0,0,0,0,0,0,0,0

0,0,0,0,0,0,0,0,0,0,0,0,0,0,0,0,0,0,0,0,0,0,0,0,0,0,0,-158,-474,-474,-158,0,0,0,0,0,0,0,0,0,0,0,0,0,0,0,0,0,0,0,0,0,0,0,0,0,0,0,0,0,0,0,0,0,0,0,0,0,0,0,0,0,0,0,0,0,0,0,0,0,0,0,0,0,0,0,0,0,0,0,0,0,0,0,0,0,0,0,0,0,0,0,0,0,0,0,0,0,0,0,0,158,158,0,0,0,0,0,0,0,0,0,0,0,0,0,0,0,0,0,0,0,0,0,0,0,0,0,0,0,0,0,0,0,0,0,0,0,0,0,0,0,0,0,0,0,0,0

0,0,0,0,0,0,0,0,0,0,0,0,0,0,0,0,0,0,0,0,0,0,0,0,0,0,0,-316,-474,-158,0,0,0,0,0,0,0,0,0,0,0,0,0,0,0,0,0,0,0,0,0,0,0,0,0,0,0,0,0,0,0,0,0,0,0,0,0,0,0,0,0,0,0,0,0,0,0,0,0,0,0,0,0,0,0,0,0,0,0,0,0,0,0,0,0,0,0,0,0,0,0,0,0,0,0,0,0,0,0,0,0,316,316,0,0,0,0,0,0,0,0,0,0,0,0,0,0,0,0,0,0,0,0,0,0,0,0,0,0,0,0,0,0,0,0,0,0,0,0,0,0,0,0,0,0,0,0,0

0,0,0,0,0,0,0,0,0,0,0,0,0,0,0,0,0,0,0,0,0,0,0,0,0,0,-158,-474,-316,0,0,0,0,0,0,0,0,0,0,0,0,0,0,0,0,0,0,0,0,0,0,0,0,0,0,0,0,0,0,0,0,0,0,0,0,0,0,0,0,0,0,0,0,0,0,0,0,0,0,0,0,0,0,0,0,0,0,0,0,0,0,0,0,0,0,0,0,0,0,0,0,0,0,0,0,0,0,0,0,0,0,316,316,0,0,0,0,0,0,0,0,0,0,0,0,0,0,0,0,0,0,0,0,0,0,0,0,0,0,0,0,0,0,0,0,0,0,0,0,0,0,0,0,0,0,0,0,0

0,0,0,0,0,0,0,0,0,0,0,0,0,0,0,0,0,0,0,0,0,0,0,0,0,0,-316,-474,-158,0,0,0,0,0,0,0,0,0,0,0,0,0,0,0,0,0,0,0,0,0,0,0,0,0,0,0,0,0,0,0,0,0,0,0,0,0,0,0,0,0,0,0,0,0,0,0,0,0,0,0,0,0,0,0,0,0,0,0,0,0,0,0,0,0,0,0,0,0,0,0,0,0,0,0,0,0,0,0,0,0,0,316,316,0,0,0,0,0,0,0,0,0,0,0,0,0,0,0,0,0,0,0,0,0,0,0,0,0,0,0,0,0,0,0,0,0,0,0,0,0,0,0,0,0,0,0,0,0

0,0,0,0,0,0,0,0,0,0,0,0,0,0,0,0,0,0,0,0,0,0,0,0,0,-158,-474,-316,0,0,0,0,0,0,0,0,0,0,0,0,0,0,0,0,0,0,0,0,0,0,0,0,0,0,0,0,0,0,0,0,0,0,0,0,0,0,0,0,0,0,0,0,0,0,0,0,0,0,0,0,0,0,0,0,0,0,0,0,0,0,0,0,0,0,0,0,0,0,0,0,0,0,0,0,0,0,0,0,0,0,0,316,316,0,0,0,0,0,0,0,0,0,0,0,0,0,0,0,0,0,0,0,0,0,0,0,0,0,0,0,0,0,0,0,0,0,0,0,0,0,0,0,0,0,0,0,0,0

0,0,0,0,0,0,0,0,0,0,0,0,0,0,0,0,0,0,0,0,0,0,0,0,0,-316,-474,-158,0,0,0,0,0,0,0,0,0,0,0,0,0,0,0,0,0,0,0,0,0,0,0,0,0,0,0,0,0,0,0,0,0,0,0,0,0,0,0,0,0,0,0,0,0,0,0,0,0,0,0,0,0,0,0,0,0,0,0,0,0,0,0,0,0,0,0,0,0,0,0,0,0,0,0,0,0,0,0,0,0,0,0,316,316,0,0,0,0,0,0,0,0,0,0,0,0,0,0,0,0,0,0,0,0,0,0,0,0,0,0,0,0,0,0,0,0,0,0,0,0,0,0,0,0,0,0,0,0,0

0,0,0,0,0,0,0,0,0,0,0,0,0,0,0,0,0,0,0,0,0,0,0,0,0,-316,-316,0,0,0,0,0,0,0,0,0,0,0,0,0,0,0,0,0,0,0,0,0,0,0,0,0,0,0,0,0,0,0,0,0,0,0,0,0,0,0,0,0,0,0,0,0,0,0,0,0,0,0,0,0,0,0,0,0,0,0,0,0,0,0,0,0,0,0,0,0,0,0,0,0,0,0,0,0,0,0,0,0,0,0,0,316,316,0,0,0,0,0,0,0,0,0,0,0,0,0,0,0,0,0,0,0,0,0,0,0,0,0,0,0,0,0,0,0,0,0,0,0,0,0,0,0,0,0,0,0,0,0

0,0,0,0,0,0,0,0,0,0,0,0,0,0,0,0,0,0,0,0,0,0,0,0,0,-316,-316,0,0,0,0,0,0,0,0,0,0,0,0,0,0,0,0,0,0,0,0,0,0,0,0,0,0,0,0,0,0,0,0,0,0,0,0,0,0,0,0,0,0,0,0,0,0,0,-118,-236,-236,-236,-236,-236,-236,-118,0,0,0,0,0,0,0,0,0,0,0,0,0,0,0,0,0,0,0,0,0,0,0,0,0,0,0,0,0,158,158,0,0,0,0,0,0,0,0,0,0,0,0,0,0,0,0,0,0,0,0,0,0,0,0,0,0,0,0,0,0,0,0,0,0,0,0,0,0,0,0,0,0,0,0,0

0,0,0,0,0,0,0,0,0,0,0,0,0,0,0,0,0,0,0,0,0,0,0,0,-158,-474,-316,0,0,0,0,0,0,0,0,0,0,0,0,0,0,0,0,0,0,0,0,0,0,0,0,0,0,0,0,0,0,0,0,0,0,0,0,0,0,0,0,0,0,0,0,0,-118,-236,-78,198,40,-236,-236,-236,-236,-118,-118,-236,-236,-236,-236,-118,0,0,0,0,0,0,0,0,0,0,0,0,0,0,0,0,0,0,0,0,0,0,0,0,0,0,0,0,0,0,0,0,0,0,0,0,0,0,0,0,0,0,0,0,0,0,0,0,0,0,0,0,0,0,0,0,0,0,0,0,0,0,0,0,0,0,0,0,0,0

0,0,0,0,0,0,0,0,0,0,0,0,0,0,0,0,0,0,0,0,0,0,0,0,-316,-474,-158,0,0,0,0,0,0,0,0,0,0,0,0,0,0,0,0,0,0,0,0,0,0,0,0,0,0,0,0,0,0,0,0,0,0,0,0,0,0,0,0,0,-118,-236,-236,-236,-78,198,592,710,276,276,552,552,552,552,434,316,316,40,-236,-118,-118,-236,-118,0,0,0,0,0,0,0,0,0,0,0,0,0,0,0,0,0,0,0,0,0,0,0,0,0,0,0,0,0,0,0,0,0,0,0,0,0,0,0,0,0,0,0,0,0,0,0,0,0,0,0,0,0,0,0,0,0,0,0,0,0,0,0,0,0,0,0

0,0,0,0,0,0,0,0,0,0,0,0,0,0,0,0,0,0,0,0,0,0,0,0,-316,-316,0,0,0,0,0,0,0,0,0,0,0,0,0,0,0,0,0,0,0,0,0,0,0,0,0,0,0,0,0,0,0,0,0,0,0,0,-118,-236,-118,-118,-236,-236,-354,-354,40,316,592,710,552,276,0,276,552,552,552,552,552,552,276,-276,-276,276,434,40,-118,-118,-236,-236,-236,-118,0,0,0,0,0,0,0,0,0,0,0,0,0,0,0,0,0,0,0,0,0,0,0,0,0,0,0,0,0,0,0,0,0,0,0,0,0,0,0,0,0,0,0,0,0,0,0,0,0,0,0,0,0,0,0,0,0,0,0,0,0,0

0,0,0,0,0,0,0,0,0,0,0,0,0,0,0,0,0,0,0,0,0,0,0,0,-316,-316,0,0,0,0,0,0,0,0,0,0,0,0,0,0,0,0,0,0,0,0,0,0,0,0,0,0,0,0,0,0,0,0,0,0,0,0,-118,-236,-118,-236,-78,316,40,158,828,828,552,276,0,0,0,0,0,0,0,0,0,0,-276,-276,276,828,552,-276,-276,-118,-236,-236,-236,-118,-118,-118,0,0,-118,-118,0,0,0,0,0,0,0,0,0,0,0,0,0,0,0,0,0,0,0,0,0,0,0,0,0,0,0,0,0,0,0,0,0,0,0,0,0,0,0,0,0,0,0,0,0,0,0,0,0,0,0,0,0,0,0,0

0,0,0,0,0,0,0,0,0,0,0,0,0,0,0,0,0,0,0,0,0,0,0,-158,-474,-316,0,0,0,0,0,0,0,0,0,0,0,0,0,0,0,0,0,0,0,0,0,0,0,0,0,0,0,0,0,0,0,-118,-118,0,-118,-236,-236,-236,-118,158,434,276,-276,276,828,276,0,0,0,0,0,0,0,0,0,0,0,0,0,276,552,552,0,-276,0,0,0,0,0,0,-118,-118,-118,-236,-354,-236,-118,-236,-118,0,0,0,0,0,0,0,0,0,0,0,158,158,0,0,0,0,0,0,0,0,0,0,0,0,0,0,0,0,0,0,0,0,0,0,0,0,0,0,0,0,0,0,0,0,0,0,0,0,0,0,0,0

0,0,0,0,0,0,0,0,0,0,0,0,0,0,0,0,0,0,0,0,0,0,0,-316,-474,-158,0,0,0,0,0,0,0,0,0,0,0,0,0,0,0,0,0,0,0,0,0,0,0,0,0,0,0,0,0,0,0,-118,-118,-118,-354,-354,-236,-236,-118,552,552,0,0,552,552,0,0,0,0,0,0,0,0,0,0,0,0,0,0,0,0,0,0,276,276,276,552,276,0,0,0,0,-118,-236,-236,-118,-118,-236,-118,0,0,0,0,0,0,0,0,0,0,0,158,158,0,0,0,0,0,0,0,0,0,0,0,0,0,0,0,0,0,0,0,0,0,0,0,0,0,0,0,0,0,0,0,0,0,0,0,0,0,0,0,0

0,0,0,0,0,0,0,0,0,0,0,0,0,0,0,0,0,0,0,0,0,0,0,-316,-316,0,0,0,0,0,0,0,0,0,0,0,0,0,0,0,0,0,0,0,0,0,0,0,0,0,0,0,0,-118,-236,-236,-236,-236,-236,-236,-236,158,552,552,552,828,552,276,552,552,276,0,0,0,0,0,0,0,0,0,0,0,0,0,0,0,0,0,0,0,0,276,552,276,0,276,552,552,276,0,0,0,0,0,0,0,0,0,0,0,0,0,0,0,0,0,0,-234,-234,0,0,0,0,0,0,0,0,0,0,0,0,0,0,0,0,0,0,0,0,0,0,0,0,0,0,0,0,0,0,0,0,0,0,0,0,0,0,0

0,0,0,0,0,0,0,0,0,0,0,0,0,0,0,0,0,0,0,0,0,0,0,-316,-316,0,0,0,0,0,0,0,0,0,0,0,0,0,0,0,0,0,0,0,0,0,0,0,0,0,-118,-236,-236,-354,-354,-236,-236,-236,40,434,552,828,828,552,552,552,276,0,0,0,0,0,0,0,0,0,0,0,0,0,0,0,0,0,0,0,0,0,0,0,0,0,0,0,0,552,828,552,0,-276,0,0,0,0,0,0,118,118,0,0,0,0,0,0,0,0,0,-234,158,392,0,0,0,0,0,0,0,0,0,0,0,0,0,0,0,0,0,0,0,0,0,0,0,0,0,0,0,0,0,0,0,0,0,0,0,0,0,0

0,0,0,0,0,0,0,0,0,0,0,0,0,0,0,0,0,0,0,0,0,0,0,-316,-316,0,0,0,0,0,0,0,0,0,0,0,0,0,0,0,0,0,0,0,0,0,0,0,-118,-236,-354,-354,-236,-236,-118,0,276,552,828,828,552,552,276,0,0,0,0,0,0,0,0,0,0,0,0,0,0,0,0,0,0,0,0,0,0,0,0,0,0,0,0,0,0,0,0,276,276,0,-276,-276,0,0,0,0,0,0,236,236,0,0,0,0,0,0,0,0,0,0,392,392,0,0,0,0,0,0,0,0,0,0,0,0,0,0,0,0,0,0,0,0,0,0,0,0,0,0,0,0,0,0,0,0,0,0,0,0,0,0

0,0,0,0,0,0,0,0,0,0,0,0,0,0,0,0,0,0,0,0,0,0,0,-316,-316,0,0,0,0,0,0,0,0,0,0,0,0,0,0,0,0,0,0,0,0,0,-118,-236,-354,-354,-236,-118,276,552,552,552,828,828,552,276,0,0,0,0,0,0,0,0,0,0,0,0,0,0,0,0,0,0,0,0,0,0,0,0,0,0,0,0,0,0,0,0,0,0,0,0,0,0,0,-276,-276,0,0,0,0,0,236,236,0,0,0,0,0,0,0,0,0,0,0,158,158,0,0,0,0,0,0,0,0,0,0,0,0,0,0,0,0,0,0,0,0,0,0,0,0,0,0,0,0,0,0,0,0,0,0,0,0,0

0,0,0,0,0,0,0,0,0,0,0,0,0,0,0,0,0,0,0,0,0,0,0,-316,-316,0,0,0,0,0,0,0,0,0,0,0,0,0,0,0,0,0,0,0,-118,-236,-354,-354,-236,-118,276,552,828,828,552,552,552,276,0,0,0,0,0,0,0,0,0,0,0,0,0,0,0,0,0,0,0,0,0,0,0,0,0,0,0,0,0,0,0,0,0,0,0,0,0,0,0,0,0,-276,0,276,0,0,0,0,118,118,0,0,0,0,0,0,0,0,0,0,0,316,316,0,0,0,0,0,0,0,0,0,0,0,0,0,0,0,0,0,0,0,0,0,0,0,0,0,0,0,0,0,0,0,0,0,0,0,0,0

0,0,0,0,0,0,0,0,0,0,0,0,0,0,0,0,0,0,0,0,0,0,0,-316,-316,0,0,0,0,0,0,0,0,0,0,0,0,0,0,0,0,0,0,-118,-354,-354,-236,-118,0,276,828,828,552,276,0,0,0,0,0,0,0,0,0,0,0,0,0,0,0,0,0,0,0,0,0,0,0,0,0,0,0,0,0,0,0,0,0,0,0,0,0,0,0,0,0,0,0,0,0,0,276,276,276,276,0,0,118,236,118,0,0,0,0,0,0,0,0,0,0,316,316,0,0,0,0,0,0,0,0,0,0,0,0,0,0,0,0,0,0,0,0,0,0,0,0,0,0,0,0,0,0,0,0,0,0,0,0,0

0,0,0,0,0,0,0,0,0,0,0,0,0,0,0,0,0,0,0,0,0,0,0,-316,-316,0,0,0,0,0,0,0,0,0,0,0,0,0,0,0,0,-118,-236,-354,-354,-118,0,0,276,828,828,276,0,0,0,0,0,0,0,0,0,0,0,0,0,0,0,0,0,0,0,0,0,0,0,0,0,0,0,0,0,0,0,0,0,0,0,0,0,0,0,0,0,0,0,0,0,0,0,0,0,0,276,0,-276,0,118,236,118,0,0,0,0,0,0,0,0,0,0,158,158,0,0,0,0,0,0,0,0,0,0,0,0,0,0,0,0,0,0,0,0,0,0,0,0,0,0,0,0,0,0,0,0,0,0,0,0,0

0,0,0,0,0,0,0,0,0,0,0,0,0,0,0,0,0,0,0,0,0,0,-158,-474,-316,0,0,0,0,0,0,0,0,0,0,0,0,0,0,0,-118,-354,-354,-236,-118,0,0,0,552,828,276,0,0,0,0,0,0,0,0,0,0,0,0,0,0,0,0,0,0,0,0,0,0,0,0,0,0,0,0,0,0,0,0,0,0,0,0,0,0,0,0,0,0,0,0,0,0,0,0,0,0,0,-276,-828,-552,0,0,118,118,0,0,0,0,0,0,0,0,0,0,0,158,158,0,0,0,0,0,0,0,0,0,0,0,0,0,0,0,0,0,0,0,0,0,0,0,0,0,0,0,0,0,0,0,0,0,0,0,0

0,0,0,0,0,0,0,0,0,0,0,0,0,0,0,0,0,0,0,0,0,0,-316,-474,-158,0,0,0,0,0,0,0,0,0,0,0,0,0,0,0,-236,-354,-118,0,0,0,0,276,828,552,0,0,0,0,0,0,0,0,0,0,0,0,0,0,0,0,0,0,0,0,0,0,0,0,0,0,0,0,0,0,0,0,0,0,0,0,0,0,0,0,0,0,0,0,0,0,0,0,0,0,0,0,-552,-828,-276,0,0,236,236,0,0,0,0,0,0,0,0,0,0,0,316,316,0,0,0,0,0,0,0,0,0,0,0,0,0,0,0,0,0,0,0,0,0,0,0,0,0,0,0,0,0,0,0,0,0,0,0,0

0,0,0,0,0,0,0,0,0,0,0,0,0,0,0,0,0,0,0,0,0,0,-316,-316,0,0,0,0,0,0,0,0,0,0,0,0,0,0,0,-118,-354,-236,0,0,0,0,276,828,828,276,0,0,0,0,0,0,0,0,0,0,0,0,0,0,0,0,0,0,0,0,0,0,0,0,0,0,0,0,0,0,0,0,0,0,0,0,0,0,0,0,0,0,0,0,0,0,0,0,0,0,0,0,-276,-276,0,0,0,236,236,0,0,0,0,0,0,0,0,0,0,0,316,316,0,0,0,0,0,0,0,0,0,0,0,0,0,0,0,0,0,0,0,0,0,0,0,0,0,0,0,0,0,0,0,0,0,0,0,0

0,0,0,0,0,0,0,0,0,0,0,0,0,0,0,0,0,0,0,0,0,0,-316,-316,0,0,0,0,0,0,0,0,0,0,0,0,0,0,0,-236,-354,-118,0,0,0,0,552,828,276,0,0,0,0,0,0,0,0,0,0,0,0,0,0,0,0,0,0,0,0,0,0,0,0,0,0,0,0,0,0,0,0,0,0,0,0,0,0,0,0,0,0,0,0,0,0,0,0,0,0,0,0,0,0,-276,-276,0,0,236,236,0,0,0,0,0,0,0,0,0,0,0,316,316,0,0,0,0,0,0,0,0,0,0,0,0,0,0,0,0,0,0,0,0,0,0,0,0,0,0,0,0,0,0,0,0,0,0,0,0

0,0,0,0,0,0,0,0,0,0,0,0,0,0,0,0,0,0,0,0,0,0,-316,-316,0,0,0,0,0,0,0,0,0,0,0,0,0,0,0,-236,-236,0,0,0,0,276,828,552,0,0,0,0,0,0,0,0,0,0,0,0,0,0,0,0,0,0,0,0,0,0,0,0,0,0,0,0,0,0,0,0,0,0,0,0,0,0,0,0,0,0,0,0,0,0,0,0,0,0,0,0,0,0,0,-552,-552,0,0,236,236,0,0,0,0,0,0,0,0,0,0,0,316,316,0,0,0,0,0,0,0,0,0,0,0,0,0,0,0,0,0,0,0,0,0,0,0,0,0,0,0,0,0,0,0,0,0,0,0,0

0,0,0,0,0,0,0,0,0,0,0,0,0,0,0,0,0,0,0,0,0,0,-158,-158,0,0,0,0,0,0,0,0,0,0,0,0,0,0,0,-236,-236,0,0,0,0,552,828,276,0,0,0,0,0,0,0,0,0,0,0,0,0,0,0,0,0,0,0,0,0,0,0,0,0,0,0,0,0,0,0,0,0,0,0,0,0,0,0,0,0,0,0,0,0,0,0,0,0,0,0,0,0,0,0,-552,-552,0,0,236,236,0,0,0,0,0,0,0,0,0,0,0,316,316,0,0,0,0,0,0,0,0,0,0,0,0,0,0,0,0,0,0,0,0,0,0,0,0,0,0,0,0,0,0,0,0,0,0,0,0

0,0,0,0,0,0,0,0,0,0,0,0,0,0,0,0,0,0,0,0,0,0,0,-158,-158,0,0,0,0,0,0,0,0,0,0,0,0,0,0,-236,-236,0,0,0,0,552,552,0,0,0,0,0,0,0,0,0,0,0,0,0,0,0,0,0,0,0,0,0,0,0,0,0,0,0,0,0,0,0,0,0,0,0,0,0,0,0,0,0,0,0,0,0,0,0,0,0,0,0,0,0,0,0,0,-552,-552,0,0,236,236,0,0,0,0,0,0,0,0,0,0,158,474,316,0,0,0,0,0,0,0,0,0,0,0,0,0,0,0,0,0,0,0,0,0,0,0,0,0,0,0,0,0,0,0,0,0,0,0,0

0,0,0,0,0,0,0,0,0,0,0,0,0,0,0,0,0,0,0,0,0,0,0,-316,-316,0,0,0,0,0,0,0,0,0,0,0,0,0,0,-236,-236,0,0,0,0,552,552,0,0,0,0,0,0,0,0,0,0,0,0,0,0,0,0,0,0,0,0,0,0,0,0,0,0,0,0,0,0,0,0,0,0,0,0,0,0,0,0,0,0,0,0,0,0,0,0,0,0,0,0,0,0,0,0,-276,-276,0,0,236,236,0,0,0,0,0,0,0,0,0,0,316,474,158,0,0,0,0,0,0,0,0,0,0,0,0,0,0,0,0,0,0,0,0,0,0,0,0,0,0,0,0,0,0,0,0,0,0,0,0

0,0,0,0,0,0,0,0,0,0,0,0,0,0,0,0,0,0,0,0,0,0,0,-316,-316,0,0,0,0,0,0,0,0,0,0,0,0,0,0,-236,-236,0,0,0,0,552,552,0,0,0,0,0,0,0,0,0,0,0,0,0,0,0,0,0,0,0,0,0,0,0,0,0,0,0,0,0,0,0,0,0,0,0,0,0,0,0,0,0,0,0,0,0,0,0,0,0,0,0,0,0,0,0,0,0,-276,-276,0,236,236,0,0,0,0,0,0,0,0,0,0,316,316,0,0,0,0,0,0,0,0,0,0,0,0,0,0,0,0,0,0,0,0,0,0,0,0,0,0,0,0,0,0,0,0,0,0,0,0,0

0,0,0,0,0,0,0,0,0,0,0,0,0,0,0,0,0,0,0,0,0,0,0,-316,-316,0,0,0,0,0,0,0,0,0,0,0,0,0,0,-236,-236,0,0,0,276,828,552,0,0,0,0,0,0,0,0,0,0,0,0,0,0,0,0,0,0,0,0,0,0,0,0,0,0,0,0,0,0,0,0,0,0,0,0,0,0,0,0,0,0,0,0,0,0,0,0,0,0,0,0,0,0,0,0,0,-552,-552,0,236,236,0,0,0,0,0,0,0,0,0,0,316,316,0,0,0,0,0,0,0,0,0,0,0,0,0,0,0,0,0,0,0,0,0,0,0,0,0,0,0,0,0,0,0,0,0,0,0,0,0

0,0,0,0,0,0,0,0,0,0,0,0,0,0,0,0,0,0,0,0,0,0,0,-316,-316,0,0,0,0,0,0,0,0,0,0,0,0,0,0,-236,-236,0,0,0,552,828,0,-276,0,0,0,0,0,0,0,0,0,0,0,0,0,0,0,0,0,0,0,0,0,0,0,0,0,0,0,0,0,0,0,0,0,0,0,0,0,0,0,0,0,0,0,0,0,0,0,0,0,0,0,0,0,0,0,0,-552,-552,0,236,236,0,0,0,0,0,0,0,0,0,0,316,316,0,0,0,0,0,0,0,0,0,0,0,0,0,0,0,0,0,0,0,0,0,0,0,0,0,0,0,0,0,0,0,0,0,0,0,0,0

0,0,0,0,0,0,0,0,0,0,0,0,0,0,0,0,0,0,0,0,0,0,0,-316,-316,0,0,0,0,0,0,0,0,0,0,0,0,0,0,-236,-236,0,0,0,552,276,-552,0,276,0,0,0,0,0,0,0,0,0,0,0,0,0,0,0,0,0,0,0,0,0,0,0,0,0,0,0,0,0,0,0,0,0,0,0,0,0,0,0,0,0,0,0,0,0,0,0,0,0,0,0,0,0,0,0,-552,-552,0,236,236,0,0,0,0,0,0,0,0,0,0,316,316,0,0,0,0,0,0,0,0,0,0,0,0,0,0,0,0,0,0,0,0,0,0,0,0,0,0,0,0,0,0,0,0,0,0,0,0,0

0,0,0,0,0,0,0,0,0,0,0,0,0,0,0,0,0,0,0,0,0,0,0,-158,-158,0,0,0,0,0,0,0,0,0,0,0,0,0,0,-236,-236,0,0,0,276,-276,-276,552,276,0,0,0,0,0,0,0,0,0,0,0,0,0,0,0,0,0,0,0,0,0,0,0,0,0,0,0,0,0,0,0,0,0,0,0,0,0,0,0,0,0,0,0,0,0,0,0,0,0,0,0,0,0,0,-276,-828,-552,0,118,118,0,0,0,0,0,0,0,0,0,0,316,316,0,0,0,0,0,0,0,0,0,0,0,0,0,0,0,0,0,0,0,0,0,0,0,0,0,0,0,0,0,0,0,0,0,0,0,0,0

0,0,0,0,0,0,0,0,0,0,0,0,0,0,0,0,0,0,0,0,0,0,0,0,-158,-158,0,0,0,0,0,0,0,0,0,0,0,0,0,-236,-236,0,0,0,0,-276,0,276,0,0,0,0,0,0,0,0,0,0,0,0,0,0,0,0,0,0,0,0,0,0,0,0,0,0,0,0,0,0,0,0,0,0,0,0,0,0,0,0,0,0,0,0,0,0,0,0,0,0,0,0,0,0,0,-552,-828,-276,0,0,118,118,0,0,0,0,0,0,0,0,0,316,316,0,0,0,0,0,0,0,0,0,0,0,0,0,0,0,0,0,0,0,0,0,0,0,0,0,0,0,0,0,0,0,0,0,0,0,0,0

0,0,0,0,0,0,0,0,0,0,0,0,0,0,0,0,0,0,0,0,0,0,0,0,-316,-316,0,0,0,0,0,0,0,0,0,0,0,0,0,-236,-236,0,0,0,0,0,0,276,276,0,0,0,0,0,0,0,0,0,0,0,0,0,0,0,0,0,0,0,0,0,0,0,0,0,0,0,0,0,0,0,0,0,0,0,0,0,0,0,0,0,0,0,0,0,0,0,0,0,0,0,0,0,0,-552,-552,0,0,0,236,236,0,0,0,0,0,0,0,0,158,474,316,0,0,0,0,0,0,0,0,0,0,0,0,0,0,0,0,0,0,0,0,0,0,0,0,0,0,0,0,0,0,0,0,0,0,0,0,0

0,0,0,0,0,0,0,0,0,0,0,0,0,0,0,0,0,0,0,0,0,0,0,0,-316,-316,0,0,0,0,0,0,0,0,0,0,0,0,0,-236,-236,0,0,0,0,0,0,552,552,0,0,0,0,0,0,0,0,0,0,0,0,0,0,0,0,0,0,0,0,0,0,0,0,0,0,0,0,0,0,0,0,0,0,0,0,0,0,0,0,0,0,0,0,0,0,0,0,0,0,0,0,0,0,-552,-552,0,0,0,118,118,0,0,0,0,0,0,0,0,316,474,158,0,0,0,0,0,0,0,0,0,0,0,0,0,0,0,0,0,0,0,0,0,0,0,0,0,0,0,0,0,0,0,0,0,0,0,0,0

0,0,0,0,0,0,0,0,0,0,0,0,0,0,0,0,0,0,0,0,0,0,0,0,-158,-158,0,0,0,0,0,0,0,0,0,0,0,0,-118,-354,-236,0,0,0,0,0,0,552,552,0,0,0,0,0,0,0,0,0,0,0,0,0,0,0,0,0,0,0,0,0,0,0,0,0,0,0,0,0,0,0,0,0,0,0,0,0,0,0,0,0,0,0,0,-276,-276,0,0,0,-276,-276,0,0,0,-552,-552,0,0,0,0,118,118,0,0,0,0,0,0,0,316,316,0,0,0,0,0,0,0,0,0,0,0,0,0,0,0,0,0,0,0,0,0,0,0,0,0,0,0,0,0,0,0,0,0,0,0,0,0,0

0,0,0,0,0,0,0,0,0,0,0,0,0,0,0,0,0,0,0,0,0,0,0,0,0,-158,-158,0,0,0,0,0,0,0,0,0,0,0,-236,-354,-118,0,0,0,0,0,276,828,552,0,0,0,0,0,0,0,0,0,0,0,0,0,0,0,0,0,0,0,0,0,0,0,0,0,0,0,0,0,0,0,0,0,0,0,0,-158,-316,-316,-316,-316,-316,-316,-316,-592,-316,-40,-316,-316,-592,-316,-40,-434,-276,-276,-276,0,0,0,0,236,236,0,0,0,0,0,0,0,316,316,0,0,0,0,0,0,0,0,0,0,0,0,0,0,0,0,0,0,0,0,0,0,0,0,0,0,0,0,0,0,0,0,0,0,0,0,0,0

0,0,0,0,0,0,0,0,0,0,0,0,0,0,0,0,0,0,0,0,0,0,0,0,0,-316,-316,0,0,0,0,0,0,0,0,0,0,0,-236,-236,0,0,0,0,276,276,276,276,0,-276,-434,-434,-434,-316,-316,-316,-316,-316,-316,-316,-158,0,0,0,0,0,0,0,0,0,0,0,0,0,0,0,0,0,0,0,0,0,0,-158,-316,-474,-474,-316,-316,-316,-316,-316,-316,-316,-40,-40,-316,-316,-316,-40,-40,-434,-158,-40,-158,0,0,0,0,118,118,0,0,0,0,0,0,0,316,316,0,0,0,0,0,0,0,0,0,0,0,0,0,0,0,0,0,0,0,0,0,0,0,0,0,0,0,0,0,0,0,0,0,0,0,0,0,0

0,0,0,0,0,0,0,0,0,0,0,0,0,0,0,0,0,0,0,0,0,0,0,0,0,-316,-316,0,0,0,0,0,0,0,0,0,0,0,-236,-236,0,0,0,0,394,236,-40,-40,-40,-316,-474,-316,-316,-198,-316,-316,-316,-316,-316,-316,-158,-276,-552,-276,0,0,0,0,0,0,0,0,0,0,0,0,0,0,0,0,0,0,-158,-474,-474,-316,-158,0,0,0,0,0,0,0,0,0,0,0,0,0,0,0,118,-40,-158,-276,-276,0,0,0,118,118,0,0,0,0,0,0,316,316,0,0,0,0,0,0,0,0,0,0,0,0,0,0,0,0,0,0,0,0,0,0,0,0,0,0,0,0,0,0,0,0,0,0,0,0,0,0

0,0,0,0,0,0,0,0,0,0,0,0,0,0,0,0,0,0,0,0,0,0,0,0,0,-158,-158,0,0,0,0,0,0,0,0,0,0,-118,-354,-236,0,0,118,236,354,78,-40,236,236,-40,-40,118,118,118,0,0,0,0,0,0,0,-276,-434,-158,0,-158,-316,-158,0,0,0,0,0,0,0,0,0,-276,-434,-434,-552,-552,-710,-592,-158,0,0,0,0,0,0,0,0,-118,40,316,316,40,-118,0,0,0,0,0,0,-276,-276,0,0,0,236,236,0,0,0,0,0,-234,82,316,0,0,0,0,0,0,0,0,0,0,0,0,0,0,0,0,0,0,0,0,0,0,0,0,0,0,0,0,0,0,0,0,0,0,0,0,0,0

0,0,0,0,0,0,0,0,0,0,0,0,0,0,0,0,0,0,0,0,0,0,0,0,0,0,-158,-158,0,0,0,0,0,0,0,0,0,-236,-354,-118,118,236,354,354,236,118,0,0,0,0,0,0,0,0,0,0,0,0,0,0,0,0,118,118,118,-198,-474,-276,-394,-276,0,0,0,0,0,0,0,-276,-434,-552,-670,-276,0,0,-118,-236,-236,-118,0,-118,-236,-236,-236,-78,474,592,316,40,158,434,40,-236,-118,0,0,0,0,0,0,0,236,236,0,0,0,0,0,-76,474,550,0,0,0,0,0,0,0,0,0,0,0,0,0,0,0,0,0,0,0,0,0,0,0,0,0,0,0,0,0,0,0,0,0,0,0,0,0,0

0,0,0,0,0,0,0,0,0,0,0,0,0,0,0,0,0,0,0,0,0,0,0,0,0,0,-316,-316,0,0,0,0,0,0,0,0,0,-236,-236,118,354,354,236,118,0,0,-118,-118,0,-118,-236,-236,-236,-236,-118,0,0,0,0,0,0,0,0,0,0,-276,-394,-354,-512,-276,0,0,0,0,0,0,0,0,-276,-394,158,552,276,0,158,40,-236,-118,-118,-354,-354,-236,-236,40,158,0,0,0,276,434,40,40,158,0,0,0,0,-118,-118,0,236,236,0,0,0,0,0,316,708,392,0,0,0,0,0,0,0,0,0,0,0,0,0,0,0,0,0,0,0,0,0,0,0,0,0,0,0,0,0,0,0,0,0,0,0,0,0,0

0,0,0,0,0,0,0,0,0,0,0,0,0,0,0,0,0,0,0,0,0,0,0,0,0,0,-158,-158,0,0,0,0,0,0,0,0,0,-236,-236,236,354,118,0,0,-118,-236,-354,40,434,198,198,40,-236,-236,-118,-118,-236,-118,0,-118,-236,-236,-236,-236,-354,-354,-236,-236,-118,276,552,276,0,0,0,0,0,0,-276,-276,552,276,-552,-276,0,-276,-276,0,0,-118,-118,0,0,0,-276,-276,-276,-552,-276,0,0,276,276,0,-118,-118,0,-236,-236,0,236,236,0,0,0,0,0,316,316,0,0,0,0,0,0,0,0,0,0,0,0,0,0,0,0,0,0,0,0,0,0,0,0,0,0,0,0,0,0,0,0,0,0,0,0,0,0,0

0,0,0,0,0,0,0,0,0,0,0,0,0,0,0,0,0,0,0,0,0,0,0,0,0,0,0,-158,-158,0,0,0,0,0,0,0,0,-236,-236,236,236,0,0,0,-236,-354,40,710,710,40,-118,-276,-276,0,0,-118,-118,118,118,-118,-236,-236,-236,-236,-236,-118,0,0,276,828,828,276,0,0,0,0,0,0,0,0,276,-276,-552,0,-276,-552,-276,0,118,276,434,552,552,552,552,552,276,0,0,0,0,0,0,0,-118,-118,0,-236,-236,276,512,236,0,0,0,0,0,316,316,0,0,0,0,0,0,0,0,0,0,0,0,0,0,0,0,0,0,0,0,0,0,0,0,0,0,0,0,0,0,0,0,0,0,0,0,0,0,0

0,0,0,0,0,0,0,0,0,0,0,0,0,0,0,0,0,0,0,0,0,0,0,0,0,0,0,-316,-316,0,0,0,0,0,0,0,-118,-354,-236,236,236,0,-118,-236,-78,40,552,828,0,-828,-828,-552,0,552,552,552,670,394,-118,-118,0,0,0,0,0,0,0,0,276,552,276,0,0,0,0,0,0,0,0,0,0,-276,-276,0,0,0,0,0,276,710,710,552,552,552,552,552,552,276,-276,-276,0,0,0,0,0,0,0,-236,40,552,236,-40,0,0,0,0,0,316,316,0,0,0,0,0,0,0,0,0,0,0,0,0,0,0,0,0,0,0,0,0,0,0,0,0,0,0,0,0,0,0,0,0,0,0,0,0,0,0

0,0,0,0,0,0,0,0,0,0,0,0,0,0,0,0,0,0,0,0,0,0,0,0,0,0,0,-316,-316,0,0,0,0,0,0,0,-236,-354,-118,118,0,-236,-78,198,316,-118,0,0,-828,-828,-276,0,552,828,552,552,552,158,40,434,158,-118,118,118,0,0,0,0,0,276,276,0,0,0,0,0,0,0,0,0,-276,-552,-276,0,0,0,0,0,552,552,0,0,0,0,0,0,0,-276,-552,-276,276,276,0,0,0,0,0,-118,158,276,-40,-40,0,0,0,0,0,316,316,0,0,0,0,0,0,0,0,0,0,0,0,0,0,0,0,0,0,0,0,0,0,0,0,0,0,0,0,0,0,0,0,0,0,0,0,0,0,0

0,0,0,0,0,0,0,0,0,0,0,0,0,0,0,0,0,0,0,0,0,0,0,0,0,0,0,-158,-158,0,0,0,0,0,0,0,-236,-236,0,0,-118,40,316,158,-276,-552,-276,-276,-434,-158,0,0,552,552,0,0,0,0,276,552,158,-118,0,-118,-118,0,0,0,0,276,276,0,0,0,0,0,0,0,0,-276,-828,-828,-276,0,0,0,0,0,552,276,0,118,-316,-316,-316,-434,-276,-276,-552,0,552,276,0,0,0,0,-276,-276,0,0,-40,-40,0,0,0,0,0,316,316,0,0,0,0,0,0,0,0,0,0,0,0,0,0,0,0,0,0,0,0,0,0,0,0,0,0,0,0,0,0,0,0,0,0,0,0,0,0,0

0,0,0,0,0,0,0,0,0,0,0,0,0,0,0,0,0,0,0,0,0,0,0,0,0,0,0,0,-158,-158,0,0,0,0,0,0,-236,-236,0,0,276,828,276,-552,-552,-276,118,236,354,236,0,0,276,118,-316,-316,-316,-158,-276,-276,0,-276,-394,-236,-118,0,0,0,0,0,276,276,0,0,0,0,0,0,0,-552,-552,0,0,0,0,0,0,118,512,236,-40,-198,-474,-316,-316,-434,-158,-434,-828,0,0,-276,0,0,0,0,-276,-276,0,0,-40,-40,0,0,0,0,158,474,316,0,0,0,0,0,0,0,0,0,0,0,0,0,0,0,0,0,0,0,0,0,0,0,0,0,0,0,0,0,0,0,0,0,0,0,0,0,0,0

0,0,0,0,0,0,0,0,0,0,0,0,0,0,0,0,0,0,0,0,0,0,0,0,0,0,0,0,-316,-316,0,0,0,0,0,0,-236,-236,0,0,552,552,-552,-552,0,118,354,354,236,118,0,118,236,78,-198,-316,-316,-158,-434,-316,118,-276,0,552,276,0,0,0,118,118,276,276,0,0,0,0,0,-276,-276,-276,276,276,-276,0,0,0,118,354,354,-40,-316,-316,-158,0,0,0,118,-158,-158,236,-158,-276,276,276,0,0,0,-276,-276,0,236,236,0,0,0,0,316,474,158,0,0,0,0,0,0,0,0,0,0,0,0,0,0,0,0,0,0,0,0,0,0,0,0,0,0,0,0,0,0,0,0,0,0,0,0,0,0,0

0,0,0,0,0,0,0,0,0,0,0,0,0,0,0,0,0,0,0,0,0,0,0,0,0,0,0,0,-316,-316,0,0,0,0,0,0,-236,-236,0,0,552,0,-828,-276,0,236,354,118,0,0,0,118,236,236,118,0,0,0,0,118,118,0,276,552,276,0,0,118,236,0,-118,276,276,0,0,0,0,-552,-552,0,276,0,-276,0,0,118,354,512,434,158,0,0,0,0,0,0,158,158,118,236,118,0,552,552,0,0,0,-276,-276,0,236,236,0,0,0,0,316,316,0,0,0,0,0,0,0,0,0,0,0,0,0,0,0,0,0,0,0,0,0,0,0,0,0,0,0,0,0,0,0,0,0,0,0,0,0,0,0,0

0,0,0,0,0,0,0,0,0,0,0,0,0,0,0,0,0,0,0,0,0,0,0,0,0,0,0,0,-316,-316,0,0,0,0,0,0,-236,-236,0,0,276,-276,-552,0,118,354,236,0,0,0,158,158,0,158,158,0,0,0,316,316,-118,-118,-158,-158,0,0,0,118,0,-236,-118,552,552,0,0,0,-276,-828,-552,0,0,-276,-552,-158,236,354,512,592,474,0,-158,0,0,0,0,0,316,316,0,0,0,0,552,552,0,0,0,0,0,276,512,236,0,0,0,0,40,-118,-316,-316,-158,0,0,0,0,0,0,0,0,0,0,0,0,0,0,0,0,0,0,0,0,0,0,0,0,0,0,0,0,0,0,0,0,0,0,0,0,0

0,0,0,0,0,0,0,0,0,0,0,0,0,0,0,0,0,0,0,0,0,0,0,0,0,0,0,0,-158,-158,0,0,0,0,0,0,-236,-236,0,0,0,-276,-276,0,236,354,118,0,0,158,474,158,-158,158,0,-158,0,0,316,316,-118,158,118,-276,-118,-276,-552,-276,0,0,0,552,552,0,0,0,-276,-552,-276,276,552,0,-552,-40,354,394,592,474,158,-158,-158,0,0,0,0,158,474,316,-158,-158,0,0,434,434,0,0,0,0,0,276,118,-158,0,0,0,-118,-354,-394,-434,-552,-394,-118,0,0,0,0,0,0,0,0,0,0,0,0,0,0,0,0,0,0,0,0,0,0,0,0,0,0,0,0,0,0,0,0,0,0,0,0

0,0,0,0,0,0,0,0,0,0,0,0,0,0,0,0,0,0,0,0,0,0,0,0,0,0,-276,-434,-316,-316,-158,0,0,0,0,0,-236,-236,0,0,0,0,0,0,236,236,0,0,0,158,316,0,-158,0,-158,-158,0,158,474,316,0,0,-158,-276,-118,-552,-828,-276,236,118,-118,552,552,0,0,0,0,-276,0,828,828,276,-276,-40,236,158,158,0,0,0,0,0,0,0,158,474,474,-118,-592,-316,0,-118,198,316,0,0,0,0,0,0,-276,-158,118,0,0,40,-78,-118,158,40,-118,0,0,0,0,0,0,0,0,0,0,0,0,0,0,0,0,0,0,0,0,0,0,0,0,0,0,0,0,0,0,0,0,0,0,0,0,0

0,0,0,0,0,0,0,0,0,0,0,0,0,0,0,0,0,0,0,0,0,0,0,0,0,-158,-592,-474,-198,-316,-158,0,0,0,0,0,-236,-236,0,0,0,0,0,0,236,236,0,0,0,-118,40,158,0,-118,-118,158,316,474,474,-118,-434,-592,-592,-276,-236,-394,-276,0,118,-118,-236,552,552,0,0,0,0,-552,-276,552,276,0,-276,-158,0,-118,-158,-158,-158,-158,0,0,158,316,474,474,158,-434,-474,-40,-118,-78,474,434,0,0,0,0,0,0,-276,-316,-40,0,0,40,40,276,552,0,-40,118,158,276,0,0,0,0,0,0,0,0,0,0,0,0,0,0,0,0,0,0,0,0,0,0,0,0,0,0,0,0,0,0,0,0,0,0

0,0,0,0,0,0,0,0,0,0,0,0,0,0,0,0,0,0,0,0,0,0,0,0,-276,-710,-592,-40,118,0,0,0,0,0,0,0,-236,-236,0,0,0,0,0,0,118,118,0,0,0,-118,40,-118,-276,-118,158,592,198,-236,-118,-276,-158,118,158,316,316,158,0,0,0,-118,-118,552,552,0,0,0,0,-552,-552,276,276,0,0,-276,-394,0,118,-118,-394,-276,-158,-316,-158,0,0,-158,-316,-474,-198,0,-78,474,710,276,0,0,0,0,0,0,-276,-316,-40,0,0,40,40,0,0,-276,-158,-118,316,552,0,0,0,0,0,0,0,0,0,0,0,0,0,0,0,0,0,0,0,0,0,0,0,0,0,0,0,0,0,0,0,0,0,0

0,0,0,0,0,0,0,0,0,0,0,0,0,0,0,0,0,0,0,0,0,0,0,0,-434,-592,-158,-118,-118,0,0,0,0,0,0,0,-236,-236,0,276,276,276,552,552,276,0,-118,-118,0,0,0,-158,-40,-40,-40,118,-552,-552,276,0,0,158,40,434,552,0,-276,0,0,0,0,552,552,0,0,0,0,-276,0,828,552,0,0,-276,0,670,276,-354,-354,-118,-276,-552,-276,0,0,0,0,-276,-394,-78,474,710,276,0,0,0,0,0,0,0,0,-40,-40,0,-118,198,40,-552,0,276,0,-118,434,552,0,0,0,0,0,0,0,0,0,0,0,0,0,0,0,0,0,0,0,0,0,0,0,0,0,0,0,0,0,0,0,0,0,0

0,0,0,0,0,0,0,0,0,0,0,0,0,0,0,0,0,0,0,0,0,0,0,0,-316,-198,0,-236,-118,-118,-118,0,0,0,0,0,-236,40,276,276,276,552,828,552,276,0,-118,-118,-118,-236,-236,-118,0,-276,-276,0,-118,434,828,0,0,0,0,276,0,-552,-552,0,0,0,0,552,552,0,0,0,0,0,276,552,276,0,0,0,276,552,158,40,434,552,434,316,592,592,316,316,316,40,40,592,710,276,0,0,0,0,0,0,0,0,0,-434,-434,0,40,198,-394,-276,828,552,-276,0,828,552,0,0,0,0,0,0,0,0,0,0,0,0,0,0,0,0,0,0,0,0,0,0,0,0,0,0,0,0,0,0,0,0,0,0

0,0,0,0,0,0,0,0,0,0,0,0,0,0,0,0,0,0,0,0,0,0,0,0,-316,-434,-354,-236,0,-118,-118,0,0,0,0,-118,-354,40,276,276,552,552,276,0,0,0,276,552,158,-236,-236,-236,40,316,592,592,316,434,276,0,276,276,276,276,0,-552,-552,0,0,0,0,552,552,0,0,0,0,0,0,0,0,0,0,0,0,0,0,276,552,552,552,552,552,276,0,0,0,0,276,552,276,0,0,0,0,0,0,0,0,0,0,-552,-434,118,40,-236,-276,552,828,276,-276,276,828,276,0,0,0,0,0,0,0,0,0,0,0,0,0,0,0,0,0,0,0,0,0,0,0,0,0,0,0,0,0,0,0,0,0,0

0,0,0,0,0,0,0,0,0,0,0,0,0,0,0,0,0,0,0,0,0,0,0,0,-316,-552,-354,-118,0,0,0,118,118,0,0,-236,-354,158,552,552,552,276,0,0,0,0,276,552,276,276,552,552,828,828,552,276,0,0,0,0,0,0,0,0,0,-552,-552,0,0,0,0,552,552,0,0,0,0,0,0,0,0,0,0,0,0,0,0,0,0,0,0,0,0,0,0,0,0,0,0,0,0,0,0,0,0,0,0,0,0,0,0,-552,-316,236,-236,-236,552,828,276,0,0,276,276,0,0,0,0,0,0,0,0,0,0,0,0,0,0,0,0,0,0,0,0,0,0,0,0,0,0,0,0,0,0,0,0,0,0,0

0,0,0,0,0,0,0,0,0,0,0,0,0,0,0,0,0,0,0,0,0,0,0,0,-434,-552,-118,0,0,0,0,118,118,0,0,40,316,828,828,276,0,0,0,0,0,0,0,0,0,276,552,552,552,276,0,0,0,0,0,0,0,0,0,0,0,-276,-276,0,0,0,0,552,552,0,0,0,0,0,0,0,0,0,0,0,0,0,0,0,0,0,0,0,0,0,0,0,0,0,0,0,0,0,0,0,0,0,0,0,0,0,0,-552,-316,236,-236,316,828,276,0,0,0,0,0,0,0,0,0,0,0,0,0,0,0,0,0,0,0,0,0,0,0,0,0,0,0,0,0,0,0,0,0,0,0,0,0,0,0,0

0,0,0,0,0,0,0,0,0,0,0,0,0,0,0,0,0,0,0,0,0,0,0,0,-434,-316,0,-118,0,276,276,0,118,118,0,316,592,552,276,0,0,0,0,0,0,0,0,0,0,0,0,0,0,0,0,0,0,0,0,0,0,0,0,0,0,0,-276,-276,0,0,0,552,552,0,0,0,0,0,0,0,0,0,0,0,0,0,0,0,0,0,0,0,0,0,0,0,0,0,0,0,0,0,0,0,0,0,0,0,0,0,-276,-828,-316,236,40,592,276,-276,0,-276,-276,0,0,0,0,0,0,0,0,0,0,0,0,0,0,0,0,0,0,0,0,0,0,0,0,0,0,0,0,0,0,0,0,0,0,0,0,0

0,0,0,0,0,0,0,0,0,0,0,0,0,0,0,0,0,0,0,0,0,0,0,0,-316,-198,158,40,0,276,0,-276,236,236,0,316,316,0,0,0,0,0,0,0,0,0,0,0,0,0,0,0,0,0,0,0,0,0,0,0,0,0,0,0,0,-276,-828,-552,0,0,0,552,552,0,0,0,0,0,0,0,0,0,0,0,0,0,0,0,0,0,0,0,0,0,0,0,0,0,0,0,0,0,0,0,0,0,0,0,0,0,-552,-828,-40,236,40,316,0,0,276,-276,0,276,0,0,0,0,0,0,0,0,0,0,0,0,0,0,0,0,0,0,0,0,0,0,0,0,0,0,0,0,0,0,0,0,0,0,0,0

0,0,0,0,0,0,0,0,0,0,0,0,0,0,0,0,0,0,0,0,0,0,0,0,-434,-552,-78,40,0,0,-276,-276,236,236,0,316,316,0,0,0,0,0,0,0,0,0,0,0,0,0,0,0,0,0,0,0,0,0,0,0,0,0,0,0,0,-552,-828,-276,0,0,0,552,552,0,0,0,0,0,-276,-276,0,0,0,0,0,0,0,0,0,0,0,0,0,0,0,0,0,0,0,0,0,0,0,0,0,0,0,0,0,0,-552,-434,354,236,-118,-118,0,276,276,0,276,276,0,0,0,0,0,0,0,0,0,0,0,0,0,0,0,0,0,0,0,0,0,0,0,0,0,0,0,0,0,0,0,0,0,0,0,0

0,0,0,0,0,0,0,0,0,0,0,0,0,0,0,0,0,0,0,0,0,0,0,0,-276,-394,40,434,0,-276,276,276,236,236,0,316,316,-276,-276,0,0,0,0,0,0,0,0,0,0,0,0,0,0,0,0,0,0,0,0,0,0,0,0,0,-276,-828,-552,0,0,0,0,552,552,0,0,0,0,0,-276,0,276,0,0,0,0,0,0,0,0,0,0,0,0,0,0,0,0,0,0,0,0,0,0,0,0,0,0,0,0,-276,-828,-316,354,118,-118,-236,158,276,0,0,0,0,0,0,0,0,0,0,0,0,0,0,0,0,0,0,0,0,0,0,0,0,0,0,0,0,0,0,0,0,0,0,0,0,0,0,0,0

0,0,0,0,0,0,0,0,0,0,0,0,0,0,0,0,0,0,0,0,0,0,0,0,0,-276,0,552,-276,-552,276,118,78,236,0,316,316,-276,0,276,0,0,0,0,0,0,0,0,0,0,0,0,0,0,0,0,0,0,0,0,0,0,0,0,-552,-828,-276,0,0,0,276,828,552,0,0,0,0,0,0,0,0,0,0,0,0,0,0,0,0,0,0,0,0,0,0,0,0,0,0,0,0,0,0,0,0,0,0,0,0,-552,-828,-40,236,0,40,198,710,552,0,0,0,0,0,0,0,0,0,0,0,0,0,0,0,0,0,0,0,0,0,0,0,0,0,0,0,0,0,0,0,0,0,0,0,0,0,0,0,0

0,0,0,0,0,0,0,0,0,0,0,0,0,0,0,0,0,0,0,0,0,0,0,0,0,-276,-276,0,-552,-552,118,78,-40,0,0,40,40,0,276,276,0,0,0,0,0,0,0,0,0,0,0,0,0,0,0,0,0,0,0,0,0,0,0,0,-552,-552,0,0,0,0,552,828,276,0,0,0,0,0,0,-276,0,276,0,0,0,0,0,0,0,0,0,0,0,0,0,0,0,0,0,0,0,0,0,0,0,0,0,0,0,-552,-552,236,236,158,474,592,552,276,0,0,0,0,0,0,0,0,0,0,0,0,0,0,0,0,0,0,0,0,0,0,0,0,0,0,0,0,0,0,0,0,0,0,0,0,0,0,0,0

0,0,0,0,0,0,0,0,0,0,0,0,0,0,0,0,0,0,0,0,0,0,0,0,0,0,0,0,-276,-276,236,236,40,158,118,-236,-236,0,0,0,0,0,0,0,0,0,0,0,0,0,0,0,0,0,0,0,0,0,0,0,0,0,0,0,-552,-552,0,0,0,0,552,552,0,0,0,0,0,0,0,0,276,276,0,0,0,0,0,0,0,0,0,0,0,0,0,0,0,0,0,0,0,0,0,0,0,0,0,0,0,-552,-552,236,236,316,474,158,0,0,0,0,0,0,0,0,0,0,0,0,0,0,0,0,0,0,0,0,0,0,0,0,0,0,0,0,0,0,0,0,0,0,0,0,0,0,0,0,0,0

0,0,0,0,0,0,0,0,0,0,0,0,0,0,0,0,0,0,0,0,0,0,0,0,0,0,0,-276,-276,0,118,0,316,394,-40,-118,-118,276,276,0,0,0,0,0,0,0,0,0,0,0,0,0,0,0,0,0,0,0,0,0,0,0,0,-276,-828,-552,0,0,0,276,828,552,0,0,0,0,0,0,0,0,-276,-276,0,0,0,0,0,0,0,0,0,0,0,0,0,0,0,0,0,0,0,0,0,0,0,0,0,0,0,-552,-434,354,236,316,316,0,0,0,0,0,0,0,0,0,0,0,0,0,0,0,0,0,0,0,0,0,0,0,0,0,0,0,0,0,0,0,0,0,0,0,0,0,0,0,0,0,0,0

0,0,0,0,0,0,0,0,0,0,0,0,0,0,0,0,0,0,0,0,0,0,0,0,0,0,0,-276,-276,0,0,0,434,276,-158,0,-118,434,552,0,0,0,0,0,0,0,0,0,0,0,0,0,0,0,0,0,0,0,0,0,0,0,0,-552,-828,-158,118,0,276,828,828,276,0,0,0,0,0,0,0,0,-552,-552,0,0,0,0,0,0,0,0,0,0,0,0,0,0,0,0,0,0,0,0,0,0,0,0,0,0,0,-552,-316,354,118,316,316,0,0,0,0,0,0,0,0,0,0,0,0,0,0,0,0,0,0,0,0,0,0,0,0,0,0,0,0,0,0,0,0,0,0,0,0,0,0,0,0,0,0,0

0,0,0,0,0,0,0,0,0,0,0,0,0,0,0,0,0,0,0,0,0,0,0,0,0,0,0,0,-276,-276,0,0,434,434,-158,-158,-236,316,552,-276,-276,0,0,0,0,0,0,0,0,0,0,0,0,0,0,0,0,0,0,0,0,0,0,-552,-552,236,118,-118,552,828,276,0,0,0,0,0,0,0,0,0,-276,0,552,276,0,0,0,0,0,0,0,0,0,0,0,0,0,0,0,0,0,0,0,0,0,0,0,0,0,-276,-40,236,158,474,316,-276,-276,0,0,0,0,0,0,0,0,0,0,0,0,0,0,0,0,0,0,0,0,0,0,0,0,0,0,0,0,0,0,0,0,0,0,0,0,0,0,0,0,0

0,0,0,0,0,0,0,0,0,0,0,0,0,0,0,0,0,0,0,0,0,0,0,0,0,0,0,0,-552,-552,0,0,552,552,-316,-316,-118,434,276,-828,-276,276,0,0,0,0,0,0,0,0,0,0,0,0,0,0,0,0,0,0,0,0,0,-552,-552,118,-118,-236,552,552,0,0,0,0,0,0,0,0,0,0,0,276,552,276,0,0,0,0,0,0,0,0,0,0,0,0,0,0,0,0,0,0,0,0,0,0,0,0,0,-276,-316,-40,40,-78,-394,-828,-276,276,0,0,0,0,0,0,0,0,0,0,0,0,0,0,0,0,0,0,0,0,0,0,0,0,0,0,0,0,0,0,0,0,0,0,0,0,0,0,0,0

0,0,0,0,0,0,0,0,0,0,0,0,0,0,0,0,0,0,0,0,0,0,0,0,0,0,0,0,-552,-434,236,236,394,276,-316,-316,0,434,158,-276,552,552,0,0,0,0,0,0,0,0,0,0,0,0,0,0,0,0,0,0,0,0,0,-552,-552,0,-118,158,828,552,0,0,0,0,0,0,0,0,0,0,0,0,0,0,0,0,0,0,0,0,0,0,0,0,0,0,0,0,0,0,0,0,0,0,0,0,0,0,0,-434,-474,-40,-118,-394,-276,0,552,552,0,0,0,0,0,0,0,0,0,0,0,0,0,0,0,0,0,0,0,0,0,0,0,0,0,0,0,0,0,0,0,0,0,0,0,0,0,0,0,0

0,0,0,0,0,0,0,0,0,0,0,0,0,0,0,0,0,0,0,0,0,0,0,0,0,0,0,0,-552,-434,236,236,118,276,-158,-434,0,40,40,276,552,276,0,0,0,0,0,0,0,0,0,0,0,0,0,0,0,0,0,0,0,0,-276,-828,-552,0,0,276,552,276,0,0,0,0,0,0,0,0,0,0,0,0,0,0,0,0,0,0,0,0,0,0,0,0,0,0,0,0,0,0,0,0,0,0,0,0,0,0,0,-316,-198,118,-118,40,710,828,552,276,0,0,0,0,0,0,0,0,0,0,0,0,0,0,0,0,0,0,0,0,0,0,0,0,0,0,0,0,0,0,0,0,0,0,0,0,0,0,0,0

0,0,0,0,0,0,0,0,0,0,0,0,0,0,0,0,0,0,0,0,0,0,0,0,0,0,0,0,-276,-276,0,0,0,276,-158,-316,118,-118,158,276,0,0,0,0,0,0,0,0,0,0,0,0,0,0,0,0,0,0,0,0,0,0,-552,-828,-276,0,0,0,276,276,0,0,0,0,0,0,0,0,0,0,0,0,0,0,0,0,0,0,0,0,0,0,0,0,0,0,0,0,0,0,0,0,0,0,0,0,0,0,0,-316,-316,158,198,474,710,276,0,0,0,0,0,0,0,0,0,0,0,0,0,0,0,0,0,0,0,0,0,0,0,0,0,0,0,0,0,0,0,0,0,0,0,0,0,0,0,0,0,0

0,0,0,0,0,0,0,0,0,0,0,0,0,0,0,0,0,0,0,0,0,0,0,0,0,0,0,0,0,0,276,276,0,0,-158,-40,118,0,434,434,0,-276,-276,0,0,0,0,0,0,0,0,0,0,0,0,0,0,0,0,0,0,0,-552,-552,0,0,118,236,394,276,0,0,0,0,0,0,0,0,0,-158,-316,-316,-158,0,0,0,0,0,0,0,0,0,0,0,0,0,0,0,0,0,0,0,0,0,0,0,0,-276,-552,-592,-316,316,474,434,276,0,0,0,0,0,0,0,0,0,0,0,0,0,0,0,0,0,0,0,0,0,0,0,0,0,0,0,0,0,0,0,0,0,0,0,0,0,0,0,0,0,0,0

0,0,0,0,0,0,0,0,0,0,0,0,0,0,0,0,0,0,0,0,0,0,0,0,0,0,0,0,0,0,276,0,-276,0,0,0,0,0,316,316,0,-552,-276,276,0,0,0,0,0,0,0,0,0,0,0,0,0,0,0,0,0,0,-552,-552,118,236,354,354,118,0,0,0,0,0,0,0,0,0,-158,-474,-474,-316,-276,-118,0,0,0,0,0,0,0,0,0,0,0,0,0,0,0,0,0,0,0,0,0,0,0,-552,-828,-316,-158,198,316,0,0,0,0,0,0,0,0,0,0,0,0,0,0,0,0,0,0,0,0,0,0,0,0,0,0,0,0,0,0,0,0,0,0,0,0,0,0,0,0,0,0,0,0,0

0,0,0,0,0,0,0,0,0,0,0,0,0,0,0,0,0,0,0,0,0,0,0,0,0,0,0,0,0,0,0,-276,0,552,434,158,0,0,40,40,0,-552,-276,276,0,0,0,0,0,0,0,0,0,0,0,0,0,0,0,0,0,0,-552,-552,118,236,236,118,0,0,0,0,0,0,0,0,0,-276,-710,-434,-118,-236,-78,316,276,0,0,0,0,0,0,0,0,0,0,0,0,0,0,0,0,0,0,0,0,0,0,-552,-552,236,276,474,434,0,0,0,0,0,0,0,0,0,0,0,0,0,0,0,0,0,0,0,0,0,0,0,0,0,0,0,0,0,0,0,0,0,0,0,0,0,0,0,0,0,0,0,0,0

0,0,0,0,0,0,0,0,0,0,0,0,0,0,0,0,0,0,0,0,0,0,0,0,0,0,0,0,0,0,0,0,276,276,-118,-394,-276,0,-236,-236,0,-552,-276,552,276,0,0,0,0,0,0,0,0,0,0,0,0,0,0,0,0,0,-552,-552,0,118,118,0,0,-118,-118,118,-158,-552,-276,0,-276,-828,-552,276,0,-394,316,710,276,0,0,0,0,0,0,0,0,0,0,0,0,0,0,0,0,0,0,0,0,0,-276,-828,-552,236,552,592,276,0,0,0,0,0,0,0,0,0,0,0,0,0,0,0,0,0,0,0,0,0,0,0,0,0,0,0,0,0,0,0,0,0,0,0,0,0,0,0,0,0,0,0,0,0

0,0,0,0,0,0,0,0,0,0,0,0,0,0,0,0,0,0,0,0,0,0,0,0,0,0,0,0,0,0,0,0,0,-276,-552,-552,-158,118,-236,-236,0,-552,-276,552,276,0,0,0,0,0,0,0,0,0,0,0,0,0,0,0,0,-276,-828,-552,0,118,118,0,0,-118,0,236,-158,-434,-40,-40,-592,-710,118,354,-316,-118,710,552,0,0,0,0,0,0,0,0,0,0,0,0,0,0,0,0,0,0,0,0,0,0,-552,-828,-158,354,552,316,0,0,0,0,0,0,0,0,0,0,0,0,0,0,0,0,0,0,0,0,0,0,0,0,0,0,0,0,0,0,0,0,0,0,0,0,0,0,0,0,0,0,0,0,0,0

0,0,0,0,0,0,0,0,0,0,0,0,0,0,0,0,0,0,0,0,0,0,0,0,0,0,0,0,0,0,0,0,0,0,-276,-276,394,394,-118,-118,0,-276,-276,276,276,0,0,0,0,0,0,0,0,0,0,0,0,0,0,0,0,-552,-828,-276,0,0,0,0,0,0,118,118,0,118,236,-158,-552,-394,0,-158,-236,474,710,276,0,0,0,0,0,0,0,0,0,0,0,0,0,0,0,0,0,0,0,0,0,0,-552,-552,236,354,276,158,0,0,0,0,0,0,0,0,0,0,0,0,0,0,0,0,0,0,0,0,0,0,0,0,0,0,0,0,0,0,0,0,0,0,0,0,0,0,0,0,0,0,0,0,0,0

0,0,0,0,0,0,0,0,0,0,0,0,0,0,0,0,0,0,0,0,0,0,0,0,0,0,0,0,0,0,0,0,0,0,-276,0,828,394,-158,-118,-118,0,0,552,552,0,0,0,0,0,0,0,0,0,0,0,0,0,0,0,0,-552,-552,0,0,0,118,236,118,0,0,-118,-236,-236,-118,-236,-354,-236,-118,-118,40,158,0,0,0,0,0,0,0,0,0,0,0,0,0,0,0,0,0,0,0,0,0,0,0,-276,-828,-552,236,394,316,316,158,0,0,0,0,0,0,0,0,0,0,0,0,0,0,0,0,0,0,0,0,0,0,0,0,0,0,0,0,0,0,0,0,0,0,0,0,0,0,0,0,0,0,0,0,0

0,0,0,0,0,0,0,0,0,0,0,0,0,0,0,0,0,0,0,0,0,0,0,0,0,0,0,0,0,0,0,0,0,0,0,0,276,-40,-316,-236,-236,0,0,552,552,0,0,0,0,0,0,0,0,0,0,0,0,0,0,0,-276,-828,-552,0,0,0,236,354,118,0,0,-236,-354,-236,-118,-236,-236,0,0,0,0,-276,-276,0,0,0,0,0,0,0,0,0,0,0,0,0,0,0,0,0,0,0,0,0,0,-552,-828,-276,236,552,474,316,158,0,0,0,0,0,0,0,0,0,0,0,0,0,0,0,0,0,0,0,0,0,0,0,0,0,0,0,0,0,0,0,0,0,0,0,0,0,0,0,0,0,0,0,0,0

0,0,0,0,0,0,0,0,0,0,0,0,0,0,0,0,0,0,0,0,0,0,0,0,0,0,0,0,0,0,0,0,0,0,0,-276,0,118,-158,-236,-236,0,0,276,276,0,0,0,0,0,0,0,0,0,0,0,0,0,0,-276,-828,-828,-276,0,0,0,236,236,-118,-236,-236,-354,-236,0,0,0,118,118,276,276,0,0,0,0,0,0,0,0,0,0,0,0,0,0,0,0,0,0,0,0,0,0,0,0,0,-276,-276,118,354,552,316,0,0,0,0,0,0,0,0,0,0,0,0,0,0,0,0,0,0,0,0,0,0,0,0,0,0,0,0,0,0,0,0,0,0,0,0,0,0,0,0,0,0,0,0,0,0,0

0,0,0,0,0,0,0,0,0,0,0,0,0,0,0,0,0,0,0,0,0,0,0,0,0,0,0,0,0,0,0,0,0,0,0,0,276,276,-276,-512,-236,0,0,0,0,-276,-552,-276,0,0,0,0,0,0,0,0,0,0,-276,-828,-828,-276,0,0,0,0,236,236,-236,-354,40,316,158,0,118,354,236,158,710,276,-276,0,0,276,552,276,-276,-276,0,0,0,0,0,0,0,0,0,0,0,0,0,0,0,0,0,-276,-434,-40,236,434,316,0,0,0,0,0,0,0,0,0,0,0,0,0,0,0,0,0,0,0,0,0,0,0,0,0,0,0,0,0,0,0,0,0,0,0,0,0,0,0,0,0,0,0,0,0,0,0

0,0,0,0,0,0,0,0,0,0,0,0,0,0,0,0,0,0,0,0,0,0,0,0,0,0,0,0,0,0,0,0,0,0,0,0,0,0,-552,-552,0,0,0,0,276,0,-552,0,276,0,0,0,0,0,0,0,0,0,-552,-828,-158,236,118,0,0,0,236,236,-118,-118,552,828,0,-276,118,118,40,474,710,0,0,276,0,276,276,-276,-828,-552,-276,-276,0,0,0,0,0,0,0,0,0,0,0,0,0,0,-276,-828,-710,-158,118,434,316,0,0,0,0,0,0,0,0,0,0,0,0,0,0,0,0,0,0,0,0,0,0,0,0,0,0,0,0,0,0,0,0,0,0,0,0,0,0,0,0,0,0,0,0,0,0,0

0,0,0,0,0,0,0,0,0,0,0,0,0,0,0,0,0,0,0,0,0,0,0,0,0,0,0,0,0,0,0,0,0,0,0,0,0,0,-276,-40,118,-118,0,0,552,276,-276,276,276,0,0,0,0,0,0,0,0,0,-434,-316,236,118,-118,-118,0,0,118,0,-236,40,710,552,-276,0,552,434,592,710,276,0,276,276,276,276,-276,-552,-552,-276,-276,-276,-276,-276,0,0,0,0,0,0,0,0,0,0,0,0,-552,-828,-158,236,394,592,316,0,0,0,0,0,0,0,0,0,0,0,0,0,0,0,0,0,0,0,0,0,0,0,0,0,0,0,0,0,0,0,0,0,0,0,0,0,0,0,0,0,0,0,0,0,0,0

0,0,0,0,0,0,0,0,0,0,0,0,0,0,0,0,0,0,0,0,0,0,0,0,0,0,0,0,0,0,0,0,0,0,0,0,0,0,0,-40,-276,-236,0,0,276,-276,-552,0,0,-276,-276,0,0,0,0,0,0,-276,-592,-198,0,-236,-236,-118,0,0,0,158,40,316,710,276,0,276,552,552,552,276,0,0,0,0,276,0,-276,0,0,0,0,0,-276,0,276,0,0,0,0,0,0,0,0,0,0,0,-552,-434,236,236,434,474,158,0,0,0,0,0,0,0,0,0,0,0,0,0,0,0,0,0,0,0,0,0,0,0,0,0,0,0,0,0,0,0,0,0,0,0,0,0,0,0,0,0,0,0,0,0,0,0

0,0,0,0,0,0,0,0,0,0,0,0,0,0,0,0,0,0,0,0,0,0,0,0,0,0,0,0,0,0,0,0,0,0,0,0,0,0,0,-316,-552,-236,0,0,0,-276,-276,0,0,-276,-276,0,0,0,0,0,0,-552,-710,-276,-354,-236,0,0,0,0,0,276,0,118,236,-316,-316,-434,-276,-276,-552,-434,-434,-552,-552,-434,-434,-828,-552,118,236,236,236,118,0,276,276,0,0,0,0,0,0,0,0,0,-276,-552,-828,-434,118,118,434,316,0,0,0,0,0,0,0,0,0,0,0,0,0,0,0,0,0,0,0,0,0,0,0,0,0,0,0,0,0,0,0,0,0,0,0,0,0,0,0,0,0,0,0,0,0,0,0,0

0,0,0,0,0,0,0,0,0,0,0,0,0,0,0,0,0,0,0,0,0,0,0,0,0,0,0,0,0,0,0,0,0,0,0,0,0,0,0,-158,-394,-236,0,0,0,0,0,0,0,0,0,276,276,-276,-276,0,-276,-828,-552,0,0,118,236,236,236,236,236,236,-40,78,78,-316,-316,-552,-118,-276,-552,-158,-552,-394,0,-158,-434,-434,-40,354,354,236,236,118,0,0,276,276,0,0,0,0,0,-276,-276,0,-552,-828,-552,-276,118,236,434,316,0,0,0,0,0,0,0,0,0,0,0,0,0,0,0,0,0,0,0,0,0,0,0,0,0,0,0,0,0,0,0,0,0,0,0,0,0,0,0,0,0,0,0,0,0,0,0,0

0,0,0,0,0,0,0,0,0,0,0,0,0,0,0,0,0,0,0,0,0,0,0,0,0,0,0,0,0,0,0,0,0,0,0,0,0,0,0,0,-276,-276,0,0,0,0,0,0,0,0,0,552,276,-828,-552,0,-276,-552,-158,354,354,236,236,236,236,236,236,236,236,236,118,0,0,40,592,276,276,394,-158,552,670,-40,-40,394,394,236,118,0,0,0,0,0,276,276,0,0,0,0,0,-552,-552,-276,-828,-552,0,118,354,236,316,316,0,0,0,0,0,0,0,0,0,0,0,0,0,0,0,0,0,0,0,0,0,0,0,0,0,0,0,0,0,0,0,0,0,0,0,0,0,0,0,0,0,0,0,0,0,0,0,0

0,0,0,0,0,0,0,0,0,0,0,0,0,0,0,0,0,0,0,0,0,0,0,0,0,0,0,0,0,0,0,0,0,0,0,0,0,0,0,0,-316,-434,-118,0,0,0,0,0,0,0,0,276,-276,-828,-276,0,0,-276,-158,236,118,0,0,0,0,0,0,0,0,0,0,0,0,158,276,-40,-40,-198,-198,394,-40,-474,-40,276,0,-158,0,0,158,40,-236,-236,-118,276,276,0,0,-276,-552,-828,-552,-276,-552,-276,118,236,236,118,316,316,0,0,0,0,0,0,0,0,0,0,0,0,0,0,0,0,0,0,0,0,0,0,0,0,0,0,0,0,0,0,0,0,0,0,0,0,0,0,0,0,0,0,0,0,0,0,0,0

0,0,0,0,0,0,0,0,0,0,0,0,0,0,0,0,0,0,0,0,0,0,0,0,0,0,0,0,0,0,0,0,0,0,0,0,0,0,0,0,-434,-552,0,118,0,0,0,0,0,0,0,0,-276,-276,0,0,276,0,0,276,-118,-118,0,0,0,0,0,0,0,0,0,0,0,0,-158,-316,-316,-316,0,-76,-234,158,-76,-76,158,-234,-234,158,474,198,-236,-236,-118,276,276,0,-276,-828,-828,-552,-276,0,0,0,236,118,0,276,474,316,0,0,0,0,0,0,0,0,0,0,0,0,0,0,0,0,0,0,0,0,0,0,0,0,0,0,0,0,0,0,0,0,0,0,0,0,0,0,0,0,0,0,0,0,0,0,0,0

0,0,0,0,0,0,0,0,0,0,0,0,0,0,0,0,0,0,0,0,0,0,0,0,0,0,0,0,0,0,0,0,0,0,0,0,0,0,0,0,-276,-158,118,-118,-118,0,0,0,0,0,0,0,0,0,0,0,552,552,276,0,-394,0,118,158,316,316,316,316,316,316,316,316,316,316,316,316,316,316,474,82,316,708,-76,316,316,-626,-158,550,474,158,0,0,276,552,552,276,-276,-552,-276,0,0,0,0,0,236,0,0,552,474,158,0,0,0,0,0,0,0,0,0,0,0,0,0,0,0,0,0,0,0,0,0,0,0,0,0,0,0,0,0,0,0,0,0,0,0,0,0,0,0,0,0,0,0,0,0,0,0,0

0,0,0,0,0,0,0,0,0,0,0,0,0,0,0,0,0,0,0,0,0,0,0,0,0,0,0,0,0,0,0,0,0,0,0,0,0,0,0,0,0,-40,-158,-236,-118,0,0,0,0,0,0,0,0,0,0,276,828,552,0,-552,-552,236,236,158,158,158,316,316,316,316,316,316,316,316,316,316,316,316,316,158,392,392,0,392,0,-316,468,708,316,0,0,0,552,828,552,276,-276,-552,-276,0,0,0,0,0,118,0,118,552,316,0,0,0,0,0,0,0,0,0,0,0,0,0,0,0,0,0,0,0,0,0,0,0,0,0,0,0,0,0,0,0,0,0,0,0,0,0,0,0,0,0,0,0,0,0,0,0,0,0

0,0,0,0,0,0,0,0,0,0,0,0,0,0,0,0,0,0,0,0,0,0,0,0,0,0,0,0,0,0,0,0,0,0,0,0,0,0,0,0,0,-316,-316,-118,-118,0,0,0,0,0,0,0,0,0,0,552,828,276,0,-552,-552,118,118,0,-158,-276,-118,0,0,0,0,0,0,0,0,0,0,0,0,0,0,0,0,0,-276,-42,550,474,158,0,0,0,276,0,-552,-276,-552,-828,-276,0,0,0,0,0,118,236,394,592,316,0,0,0,0,0,0,0,0,0,0,0,0,0,0,0,0,0,0,0,0,0,0,0,0,0,0,0,0,0,0,0,0,0,0,0,0,0,0,0,0,0,0,0,0,0,0,0,0,0

0,0,0,0,0,0,0,0,0,0,0,0,0,0,0,0,0,0,0,0,0,0,0,0,0,0,0,0,0,0,0,0,0,0,0,0,0,0,0,0,0,-158,-276,-354,-236,0,0,0,0,0,0,0,0,0,0,552,552,0,0,-552,-552,0,0,0,0,-118,158,276,0,0,0,0,0,0,0,0,0,0,0,0,0,0,0,-276,-552,0,434,158,0,0,0,0,0,-552,-828,-276,-552,-552,0,0,0,0,118,236,354,354,434,474,158,0,0,0,0,0,0,0,0,0,0,0,0,0,0,0,0,0,0,0,0,0,0,0,0,0,0,0,0,0,0,0,0,0,0,0,0,0,0,0,0,0,0,0,0,0,0,0,0,0

0,0,0,0,0,0,0,0,0,0,0,0,0,0,0,0,0,0,0,0,0,0,0,0,0,0,0,0,0,0,0,0,0,0,0,0,0,0,0,0,0,0,-276,-276,118,118,0,0,0,0,0,0,0,0,0,552,552,-276,-552,-828,-552,0,0,0,-118,-236,40,-118,-276,0,0,0,0,0,0,0,0,0,0,0,0,0,0,-276,0,552,276,0,0,0,0,0,0,-552,-552,0,-276,-276,0,0,0,0,236,354,236,276,474,316,0,0,0,0,0,0,0,0,0,0,0,0,0,0,0,0,0,0,0,0,0,0,0,0,0,0,0,0,0,0,0,0,0,0,0,0,0,0,0,0,0,0,0,0,0,0,0,0,0,0

0,0,0,0,0,0,0,0,0,0,0,0,0,0,0,0,0,0,0,0,0,0,0,0,0,0,0,0,0,0,0,0,0,0,0,0,0,0,0,0,0,0,-158,-40,118,-118,-118,0,0,0,0,0,0,0,0,276,0,-828,-828,-552,-276,0,0,0,-118,-236,-236,-394,-276,0,0,0,0,0,0,0,0,0,0,0,0,0,0,0,276,0,-552,-276,0,0,0,0,0,-552,-552,0,0,0,0,0,0,118,354,236,0,316,474,158,0,0,0,0,0,0,0,0,0,0,0,0,0,0,0,0,0,0,0,0,0,0,0,0,0,0,0,0,0,0,0,0,0,0,0,0,0,0,0,0,0,0,0,0,0,0,0,0,0,0

0,0,0,0,0,0,0,0,0,0,0,0,0,0,0,0,0,0,0,0,0,0,0,0,0,0,0,0,0,0,0,0,0,0,0,0,0,0,0,0,0,0,0,-158,-276,-118,118,118,0,0,0,0,0,0,0,0,-276,-552,-276,0,0,0,0,0,0,118,118,118,118,0,-158,-434,-434,-434,-552,-434,-434,-434,-434,-552,-552,-552,-552,-552,-276,-276,-276,276,276,0,0,0,0,-552,-552,0,0,0,0,118,118,118,236,118,158,474,316,0,0,0,0,0,0,0,0,0,0,0,0,0,0,0,0,0,0,0,0,0,0,0,0,0,0,0,0,0,0,0,0,0,0,0,0,0,0,0,0,0,0,0,0,0,0,0,0,0,0,0

0,0,0,0,0,0,0,0,0,0,0,0,0,0,0,0,0,0,0,0,0,0,0,0,0,0,0,0,0,0,0,0,0,0,0,0,0,0,0,0,0,0,0,-158,-158,118,236,118,0,0,0,0,0,0,0,0,0,0,0,0,0,0,0,0,0,118,118,236,236,118,78,-316,-316,-316,-434,-198,-316,-316,-316,-434,-316,-434,-552,-276,276,276,276,552,276,0,0,0,-276,-828,-552,0,0,0,0,236,236,0,118,118,316,474,158,0,0,0,0,0,0,0,0,0,0,0,0,0,0,0,0,0,0,0,0,0,0,0,0,0,0,0,0,0,0,0,0,0,0,0,0,0,0,0,0,0,0,0,0,0,0,0,0,0,0,0

0,0,0,0,0,0,0,0,0,0,0,0,0,0,0,0,0,0,0,0,0,0,0,0,0,0,0,0,0,0,0,0,0,0,0,0,0,0,0,0,0,0,0,0,-158,-158,0,0,-118,-118,0,0,0,0,0,0,0,0,0,0,0,0,0,0,0,0,0,118,118,118,236,118,118,118,118,236,118,118,118,118,118,-118,158,828,828,276,0,0,0,0,0,0,-276,-552,-276,0,0,0,118,354,236,-118,118,236,316,316,0,0,0,0,0,0,0,0,0,0,0,0,0,0,0,0,0,0,0,0,0,0,0,0,0,0,0,0,0,0,0,0,0,0,0,0,0,0,0,0,0,0,0,0,0,0,0,0,0,0,0,0

0,0,0,0,0,0,0,0,0,0,0,0,0,0,0,0,0,0,0,0,0,0,0,0,0,0,0,0,0,0,0,0,0,0,0,0,0,0,0,0,0,0,0,0,-158,-158,0,-118,-236,0,118,0,0,0,0,0,0,0,276,276,0,0,0,0,0,0,0,0,-118,-236,-118,0,-118,-118,0,-118,-236,-236,-236,40,198,198,710,828,276,0,0,0,0,0,0,-276,-552,-552,-276,0,0,118,354,354,118,-118,118,118,198,316,0,0,0,0,0,0,0,0,0,0,0,0,0,0,0,0,0,0,0,0,0,0,0,0,0,0,0,0,0,0,0,0,0,0,0,0,0,0,0,0,0,0,0,0,0,0,0,0,0,0,0,0

0,0,0,0,0,0,0,0,0,0,0,0,0,0,0,0,0,0,0,0,0,0,0,0,0,0,0,0,0,0,0,0,0,0,0,0,0,0,0,0,0,0,0,0,0,0,-118,-236,0,236,118,0,0,0,0,0,0,0,276,0,-276,0,0,0,0,0,0,276,434,316,158,158,198,40,-118,-354,-78,316,316,592,592,434,552,276,0,0,0,0,0,0,0,-552,-828,-552,-276,0,118,354,354,118,0,0,0,40,474,434,0,0,0,0,0,0,0,0,0,0,0,0,0,0,0,0,0,0,0,0,0,0,0,0,0,0,0,0,0,0,0,0,0,0,0,0,0,0,0,0,0,0,0,0,0,0,0,0,0,0,0,0

0,0,0,0,0,0,0,0,0,0,0,0,0,0,0,0,0,0,0,0,0,0,0,0,0,0,0,0,0,0,0,0,0,0,0,0,0,0,0,0,0,0,0,0,0,0,-118,0,236,118,-118,-118,118,118,0,0,0,0,0,-276,0,276,0,0,276,552,552,828,828,552,276,434,592,158,158,316,710,828,552,552,276,0,0,0,0,0,0,0,0,0,-276,-828,-552,0,0,118,354,354,0,-118,0,-118,-78,474,710,276,0,0,0,0,0,0,0,0,0,0,0,0,0,0,0,0,0,0,0,0,0,0,0,0,0,0,0,0,0,0,0,0,0,0,0,0,0,0,0,0,0,0,0,0,0,0,0,0,0,0,0,0

0,0,0,0,0,0,0,0,0,0,0,0,0,0,0,0,0,0,0,0,0,0,0,0,0,0,0,0,0,0,0,0,0,0,0,0,0,0,0,0,0,0,0,0,0,0,0,-40,-40,0,-118,0,236,118,0,0,0,0,0,0,552,276,0,552,828,828,552,552,276,0,0,276,276,0,276,552,552,276,0,0,0,0,0,0,0,0,0,0,0,0,-552,-828,-276,0,118,354,354,118,-118,0,0,-78,474,434,0,0,0,0,0,0,0,0,0,0,0,0,0,0,0,0,0,0,0,0,0,0,0,0,0,0,0,0,0,0,0,0,0,0,0,0,0,0,0,0,0,0,0,0,0,0,0,0,0,0,0,0,0,0

0,0,0,0,0,0,0,0,0,0,0,0,0,0,0,0,0,0,0,0,0,0,0,0,0,0,0,0,0,0,0,0,0,0,0,0,0,0,0,0,0,0,0,0,0,0,0,-316,-434,-236,-118,118,118,0,0,118,118,0,0,0,276,0,276,828,552,276,0,0,0,0,0,0,0,0,0,0,0,0,0,0,0,0,0,0,0,0,0,0,0,-276,-828,-552,0,0,236,236,0,-118,-118,118,158,474,710,-276,-276,276,0,0,0,0,0,0,0,0,0,0,0,0,0,0,0,0,0,0,0,0,0,0,0,0,0,0,0,0,0,0,0,0,0,0,0,0,0,0,0,0,0,0,0,0,0,0,0,0,0,0,0,0

0,0,0,0,0,0,0,0,0,0,0,0,0,0,0,0,0,0,0,0,0,0,0,0,0,0,0,0,0,0,0,0,0,0,0,0,0,0,0,0,0,0,0,0,0,0,0,-434,-670,-236,0,0,0,0,0,118,0,-118,0,0,0,276,552,276,0,0,0,0,0,0,0,0,0,0,0,0,0,0,0,0,0,0,0,0,0,0,0,0,0,-552,-828,-158,236,118,236,118,0,0,0,276,474,592,276,-552,0,552,0,0,0,0,0,0,0,0,0,0,0,0,0,0,0,0,0,0,0,0,0,0,0,0,0,0,0,0,0,0,0,0,0,0,0,0,0,0,0,0,0,0,0,0,0,0,0,0,0,0,0,0

0,0,0,0,0,0,0,0,0,0,0,0,0,0,0,0,0,0,0,0,0,0,0,0,0,0,0,0,0,0,0,0,0,0,0,0,0,0,0,0,0,0,0,0,0,0,0,-552,-670,0,118,118,118,0,0,0,-118,-118,0,0,0,276,276,0,0,0,0,-276,-276,0,0,0,0,0,0,0,0,0,0,0,0,0,0,0,0,0,0,0,-276,-828,-434,354,354,0,118,236,118,118,0,316,474,158,0,-552,0,552,0,0,0,0,0,0,0,0,0,0,0,0,0,0,0,0,0,0,0,0,0,0,0,0,0,0,0,0,0,0,0,0,0,0,0,0,0,0,0,0,0,0,0,0,0,0,0,0,0,0,0,0

0,0,0,0,0,0,0,0,0,0,0,0,0,0,0,0,0,0,0,0,0,0,0,0,0,0,0,0,0,0,0,0,0,0,0,0,0,0,0,0,0,0,0,0,0,0,0,-552,-552,0,118,236,118,0,0,0,0,-118,-118,0,0,0,0,0,0,0,-276,-828,-276,276,0,0,0,0,0,0,0,0,0,0,0,0,0,0,-276,-276,0,-276,-828,-828,-40,354,118,-118,118,236,0,158,198,474,434,0,0,-552,0,552,0,0,0,0,0,0,0,0,0,0,0,0,0,0,0,0,0,0,0,0,0,0,0,0,0,0,0,0,0,0,0,0,0,0,0,0,0,0,0,0,0,0,0,0,0,0,0,0,0,0,0,0

0,0,0,0,0,0,0,0,0,0,0,0,0,0,0,0,0,0,0,0,0,0,0,0,0,0,0,0,0,0,0,0,0,0,0,0,0,0,0,0,0,0,0,0,0,0,0,-276,-276,0,118,118,0,0,0,0,0,-118,-118,0,0,0,0,0,-276,-552,-828,-828,0,276,0,0,-276,-552,-552,-276,0,0,0,0,0,0,-276,-552,-828,-552,-276,-828,-828,-276,236,236,0,0,118,118,-118,198,474,434,276,0,-276,-828,-276,276,0,0,0,0,0,0,0,0,0,0,0,0,0,0,0,0,0,0,0,0,0,0,0,0,0,0,0,0,0,0,0,0,0,0,0,0,0,0,0,0,0,0,0,0,0,0,0,0,0,0,0,0

0,0,0,0,0,0,0,0,0,0,0,0,0,0,0,0,0,0,0,0,0,0,0,0,0,0,0,0,0,0,0,0,0,0,0,0,0,0,0,0,0,0,0,0,0,0,0,0,-276,-276,0,0,0,0,0,0,0,0,0,118,118,0,0,0,-276,-552,-552,-276,0,0,0,-276,-828,-552,-276,-276,-276,-276,0,0,-276,-552,-710,-710,-434,-158,-276,-552,-276,0,236,236,0,0,0,-118,-354,198,434,0,0,0,-552,-828,-158,118,0,0,0,0,0,0,0,0,0,0,0,0,0,0,0,0,0,0,0,0,0,0,0,0,0,0,0,0,0,0,0,0,0,0,0,0,0,0,0,0,0,0,0,0,0,0,0,0,0,0,0,0

0,0,0,0,0,0,0,0,0,0,0,0,0,0,0,0,0,0,0,0,0,0,0,0,0,0,0,0,0,0,0,0,0,0,0,0,0,0,0,0,0,0,0,0,0,0,0,0,-552,-552,0,0,0,0,0,0,0,0,0,118,0,-118,0,0,0,0,0,0,0,0,0,-552,-552,276,276,276,276,0,0,-276,-828,-828,-316,-158,118,236,0,0,118,236,354,236,0,-118,-236,-354,-354,434,552,0,0,0,-552,-552,118,118,118,118,0,0,0,0,0,0,0,0,0,0,0,0,0,0,0,0,0,0,0,0,0,0,0,0,0,0,0,0,0,0,0,0,0,0,0,0,0,0,0,0,0,0,0,0,0,0,0,0,0,0

0,0,0,0,0,0,0,0,0,0,0,0,0,0,0,0,0,0,0,0,0,0,0,0,0,0,0,0,0,0,0,0,0,0,0,0,0,0,0,0,0,0,0,0,0,0,0,0,-552,-552,0,0,0,0,0,0,0,0,0,0,-118,0,236,236,236,236,236,236,118,0,0,0,276,0,0,552,276,-276,-276,-552,-828,-158,236,-118,-118,0,-118,118,354,354,236,118,-118,-354,-354,-236,-118,552,552,0,0,0,-552,-552,0,118,236,276,158,0,0,0,0,0,0,0,0,0,0,0,0,0,0,0,0,0,0,0,0,0,0,0,0,0,0,0,0,0,0,0,0,0,0,0,0,0,0,0,0,0,0,0,0,0,0,0,0,0

0,0,0,0,0,0,0,0,0,0,0,0,0,0,0,0,0,0,0,0,0,0,0,0,0,0,0,0,0,0,0,0,0,0,0,0,0,0,0,0,0,0,0,0,0,0,0,0,-552,-552,0,0,0,0,118,0,-118,0,0,0,0,118,236,236,236,236,118,118,118,0,0,552,276,-552,0,0,-710,-710,-276,-276,-276,236,236,0,276,276,118,236,236,118,0,-118,-354,-354,-118,0,276,828,552,0,0,0,-552,-552,0,236,236,158,0,-158,0,0,0,0,0,0,0,0,0,0,0,0,0,0,0,0,0,0,0,0,0,0,0,0,0,0,0,0,0,0,0,0,0,0,0,0,0,0,0,0,0,0,0,0,0,0,0,0

0,0,0,0,0,0,0,0,0,0,0,0,0,0,0,0,0,0,0,0,0,0,0,0,0,0,0,0,0,0,0,0,0,0,0,0,0,0,0,0,0,0,0,0,0,0,0,0,-552,-552,0,0,0,0,118,0,0,118,0,0,0,0,0,0,0,0,-118,0,118,-118,0,394,-158,-316,236,-40,-198,-40,118,236,236,354,236,118,394,236,78,118,0,0,-118,-236,-236,158,552,552,828,828,276,0,0,0,-552,-552,0,236,236,0,-158,0,158,0,0,0,0,0,0,0,0,0,0,0,0,0,0,0,0,0,0,0,0,0,0,0,0,0,0,0,0,0,0,0,0,0,0,0,0,0,0,0,0,0,0,0,0,0,0,0

0,0,0,0,0,0,0,0,0,0,0,0,0,0,0,0,0,0,0,0,0,0,0,0,0,0,0,0,0,0,0,0,0,0,0,0,0,0,0,0,0,0,0,0,0,0,0,0,-552,-552,0,0,0,0,0,0,0,0,0,0,0,0,0,0,0,0,0,118,118,-118,118,236,-40,78,236,236,236,118,118,236,236,236,118,0,0,-158,-158,0,0,-118,-354,-236,-118,158,552,552,552,276,0,0,0,0,-552,-552,0,236,236,0,0,158,158,0,0,0,0,0,0,0,0,0,0,0,0,0,0,0,0,0,0,0,0,0,0,0,0,0,0,0,0,0,0,0,0,0,0,0,0,0,0,0,0,0,0,0,0,0,0,0

0,0,0,0,0,0,0,0,0,0,0,0,0,0,0,0,0,0,0,0,0,0,0,0,0,0,0,0,0,0,0,0,0,0,0,0,0,0,0,0,0,0,0,0,0,0,0,0,-552,-552,0,0,0,0,0,0,-118,0,118,0,0,0,0,0,0,0,0,0,0,0,118,118,118,118,0,0,0,0,0,0,0,0,0,0,0,0,0,-118,-236,-354,-354,-118,-118,158,552,276,0,0,0,0,0,0,-276,-276,0,236,236,0,0,0,158,158,0,0,0,0,0,0,0,0,0,0,0,0,0,0,0,0,0,0,0,0,0,0,0,0,0,0,0,0,0,0,0,0,0,0,0,0,0,0,0,0,0,0,0,0,0,0

0,0,0,0,0,0,0,0,0,0,0,0,0,0,0,0,0,0,0,0,0,0,0,0,0,0,0,0,0,0,0,0,0,0,0,0,0,0,0,0,0,0,0,0,0,0,0,0,-434,-434,0,0,0,0,0,0,0,118,0,-118,0,0,0,0,0,0,0,0,0,0,0,0,0,0,0,0,0,0,0,0,0,0,0,0,0,0,-118,-354,-354,-236,158,552,552,828,828,276,0,0,0,0,0,0,0,-276,-276,236,236,0,0,0,316,316,0,0,0,0,0,0,0,0,0,0,0,0,0,0,0,0,0,0,0,0,0,0,0,0,0,0,0,0,0,0,0,0,0,0,0,0,0,0,0,0,0,0,0,0,0,0

0,0,0,0,0,0,0,0,0,0,0,0,0,0,0,0,0,0,0,0,0,0,0,0,0,0,0,0,0,0,0,0,0,0,0,0,0,0,0,0,0,0,0,0,0,0,0,0,-434,-552,-118,0,0,0,0,0,0,0,-118,-118,-118,-236,-118,0,0,0,0,0,0,0,0,0,0,0,0,0,0,0,0,0,0,0,0,-118,-236,-236,-354,-354,-118,276,828,828,552,552,276,0,0,0,0,0,0,0,0,-552,-552,236,236,0,0,0,316,316,0,0,0,0,0,0,0,0,0,0,0,0,0,0,0,0,0,0,0,0,0,0,0,0,0,0,0,0,0,0,0,0,0,0,0,0,0,0,0,0,0,0,0,0,0,0

0,0,0,0,0,0,0,0,0,0,0,0,0,0,0,0,0,0,0,0,0,0,0,0,0,0,0,0,0,0,0,0,0,0,0,0,0,0,0,0,0,0,0,0,0,0,0,-158,-710,-670,-118,0,0,0,0,276,276,0,0,0,-118,-236,-118,0,0,0,0,0,0,0,0,0,0,0,0,0,0,0,0,-118,-236,-236,-236,-354,-354,40,316,434,276,552,828,276,0,0,0,0,0,0,0,0,0,0,0,-552,-552,236,236,0,0,0,316,316,0,0,0,0,0,0,0,0,0,0,0,0,0,0,0,0,0,0,0,0,0,0,0,0,0,0,0,0,0,0,0,0,0,0,0,0,0,0,0,0,0,0,0,0,0,0

0,0,0,0,0,0,0,0,0,0,0,0,0,0,0,0,0,0,0,0,0,0,0,0,0,0,0,0,0,0,0,0,0,0,0,0,0,0,0,0,0,0,0,0,0,0,-158,-474,-710,-394,0,0,0,0,0,276,0,-276,0,0,0,0,0,0,-118,-236,-236,-236,-236,-118,0,0,0,0,0,0,-118,-236,-236,-78,198,316,316,316,158,552,828,552,276,552,552,0,0,0,0,0,0,0,0,0,0,0,0,-552,-552,236,236,0,0,0,316,316,0,0,0,0,0,0,0,0,0,0,0,0,0,0,0,0,0,0,0,0,0,0,0,0,0,0,0,0,0,0,0,0,0,0,0,0,0,0,0,0,0,0,0,0,0,0

0,0,0,0,0,0,0,0,0,0,0,0,0,0,0,0,0,0,0,0,0,0,0,0,0,0,0,0,0,0,0,0,0,0,0,0,0,0,0,0,0,0,0,0,0,0,-316,-474,-394,-236,0,0,0,0,0,0,-276,-276,0,0,0,0,0,0,-118,-236,-236,-236,-236,-118,-118,-236,-236,-236,-236,40,198,198,316,592,710,552,552,552,276,552,552,0,0,276,276,0,0,0,0,0,0,0,0,0,0,0,0,-552,-552,236,236,0,0,0,316,316,0,0,0,0,0,0,0,0,0,0,0,0,0,0,0,0,0,0,0,0,0,0,0,0,0,0,0,0,0,0,0,0,0,0,0,0,0,0,0,0,0,0,0,0,0,0

0,0,0,0,0,0,0,0,0,0,0,0,0,0,0,0,0,0,0,0,0,0,0,0,0,0,0,0,0,0,0,0,0,0,0,0,0,0,0,0,0,0,0,0,0,-276,-592,-316,-236,-236,0,0,0,0,0,0,0,0,0,0,276,276,0,0,0,0,0,0,0,276,434,316,316,316,316,592,592,434,552,552,276,0,0,0,0,276,276,0,0,0,0,0,0,0,0,0,0,0,0,0,0,0,0,-552,-552,236,236,0,0,0,316,316,0,0,0,0,0,0,0,0,0,0,0,0,0,0,0,0,0,0,0,0,0,0,0,0,0,0,0,0,0,0,0,0,0,0,0,0,0,0,0,0,0,0,0,0,0,0

0,0,0,0,0,0,0,0,0,0,0,0,0,0,0,0,0,0,0,0,0,0,0,0,0,0,0,0,0,0,0,0,0,0,0,0,0,0,0,0,0,0,0,0,0,-434,-474,-40,-236,-236,0,0,0,0,0,0,0,0,0,0,552,552,0,276,276,276,552,552,552,552,276,276,552,552,552,552,276,0,0,0,0,0,0,0,0,0,0,0,0,0,0,0,0,0,0,0,0,0,0,0,0,0,0,-552,-552,236,236,0,0,158,474,316,0,0,0,0,0,0,0,0,0,0,0,0,0,0,0,0,0,0,0,0,0,0,0,0,0,0,0,0,0,0,0,0,0,0,0,0,0,0,0,0,0,0,0,0,0,0

0,0,0,0,0,0,0,0,0,0,0,0,0,0,0,0,0,0,0,0,0,0,0,0,0,0,0,0,0,0,0,0,0,0,0,0,0,0,0,0,0,0,0,0,0,-316,-198,118,-236,-236,0,0,0,0,0,0,0,0,276,276,552,552,0,552,552,552,828,552,552,276,0,276,276,0,0,0,0,0,0,0,0,0,0,0,0,0,0,0,0,0,0,0,0,0,0,0,0,0,0,0,0,0,0,-552,-552,236,236,0,0,316,474,158,0,0,0,0,0,0,0,0,0,0,0,0,0,0,0,0,0,0,0,0,0,0,0,0,0,0,0,0,0,0,0,0,0,0,0,0,0,0,0,0,0,0,0,0,0,0

0,0,0,0,0,0,0,0,0,0,0,0,0,0,0,0,0,0,0,0,0,0,0,0,0,0,0,0,0,0,0,0,0,0,0,0,0,0,0,0,0,0,0,0,-276,-592,-316,0,-236,-236,0,0,276,276,0,0,276,552,828,276,276,552,0,276,276,276,276,0,0,0,276,552,276,0,0,0,0,0,0,0,0,0,0,0,0,0,0,0,0,0,0,0,0,0,0,0,0,0,0,0,0,0,0,-552,-552,236,236,0,158,474,316,0,0,0,0,0,0,0,0,0,0,0,0,0,0,0,0,0,0,0,0,0,0,0,0,0,0,0,0,0,0,0,0,0,0,0,0,0,0,0,0,0,0,0,0,0,0,0

0,0,0,0,0,0,0,0,0,0,0,0,0,0,0,0,0,0,0,0,0,0,0,0,0,0,0,0,0,0,0,0,0,0,0,0,0,0,0,0,0,0,0,0,-434,-474,-40,0,-236,-236,0,0,552,552,276,552,828,828,552,-276,0,552,0,0,0,0,0,0,0,0,0,0,0,0,0,0,0,0,0,0,0,0,0,0,0,0,0,0,0,0,0,0,0,0,0,0,0,0,0,0,0,0,0,-552,-552,236,236,0,316,474,158,0,0,0,0,0,0,0,0,0,0,0,0,0,0,0,0,0,0,0,0,0,0,0,0,0,0,0,0,0,0,0,0,0,0,0,0,0,0,0,0,0,0,0,0,0,0,0

0,0,0,0,0,0,0,0,0,0,0,0,0,0,0,0,0,0,0,0,0,0,0,0,0,0,0,0,0,0,0,0,0,0,0,0,0,0,0,0,0,0,0,0,-316,-198,118,0,-236,-236,0,276,828,552,276,552,552,276,0,-276,276,552,0,0,0,0,0,0,0,0,0,0,0,0,0,0,0,0,0,0,0,0,0,0,0,0,0,0,0,0,0,0,0,0,0,0,0,0,0,0,0,0,0,-552,-552,236,236,158,474,316,0,0,0,0,0,0,0,0,0,0,0,0,0,0,0,0,0,0,0,0,0,0,0,0,0,0,0,0,0,0,0,0,0,0,0,0,0,0,0,0,0,0,0,0,0,0,0,0

0,0,0,0,0,0,0,0,0,0,0,0,0,0,0,0,0,0,0,0,0,0,0,0,0,0,0,0,0,0,0,0,0,0,0,0,0,0,0,0,0,0,0,0,-316,-316,0,0,-236,-236,0,276,552,276,-276,-276,0,0,0,0,276,276,0,0,0,0,0,0,0,0,0,0,0,0,0,0,0,0,0,0,0,0,0,0,0,0,0,0,0,0,0,0,0,0,0,0,0,0,0,0,0,0,0,-552,-552,236,236,316,474,158,0,0,0,0,0,0,0,-158,-158,0,0,0,0,0,0,0,0,0,0,0,0,0,0,0,0,0,0,0,0,0,0,0,0,0,0,0,0,0,0,0,0,0,0,0,0,0,0,0

0,0,0,0,0,0,0,0,0,0,0,0,0,0,0,0,0,0,0,0,0,0,0,0,0,0,0,0,0,0,0,0,0,0,0,0,0,0,0,0,0,0,0,0,-316,-316,0,0,-236,-236,0,276,552,276,-552,-276,276,0,0,0,0,0,0,0,0,0,0,0,0,0,0,0,0,0,0,0,0,0,0,0,0,0,0,0,0,0,0,0,0,0,0,0,0,0,0,0,0,0,0,0,0,0,-276,-828,-552,236,394,474,316,0,0,0,0,0,0,0,0,-158,-392,-234,-392,-392,0,0,0,0,0,0,0,0,0,0,0,0,0,0,0,0,0,0,0,0,0,0,0,0,0,0,0,0,0,0,0,0,0,0,0,0

0,0,0,0,0,0,0,0,0,0,0,0,0,0,0,0,0,0,0,0,0,0,0,0,0,0,0,0,0,0,0,0,0,0,0,0,0,0,0,0,0,0,0,0,-316,-316,0,0,-118,-118,0,276,552,0,-828,-276,276,0,-276,-276,0,0,0,0,0,0,0,0,0,0,0,0,0,0,0,0,0,0,0,0,0,0,0,0,0,0,0,0,0,0,0,0,0,0,0,0,0,0,0,0,0,0,-552,-828,-158,512,710,474,158,0,0,0,0,0,0,0,0,0,-234,0,-158,-392,0,0,0,0,0,0,0,0,0,0,0,0,0,0,0,0,0,0,0,0,0,0,0,0,0,0,0,0,0,0,0,0,0,0,0,0

0,0,0,0,0,0,0,0,0,0,0,0,0,0,0,0,0,0,0,0,0,0,0,0,0,0,0,0,0,0,0,0,0,0,0,0,0,0,0,0,0,0,0,0,-316,-316,0,0,0,-118,-118,0,0,-552,-552,0,276,276,-552,-552,0,0,0,0,0,0,0,0,0,0,0,0,0,0,0,0,0,0,0,0,0,0,0,0,0,0,0,0,0,0,0,0,0,0,0,0,0,0,0,0,0,0,-552,-552,236,670,592,158,0,0,0,0,0,0,0,0,0,-158,-158,234,0,-234,392,234,-158,0,0,0,0,0,0,0,0,0,0,0,0,0,0,0,0,0,0,0,0,0,0,0,0,0,0,0,0,0,0,0,0,0

0,0,0,0,0,0,0,0,0,0,0,0,0,0,0,0,0,0,0,0,0,0,0,0,0,0,0,0,0,0,0,0,0,0,0,0,0,0,0,0,0,0,0,0,-316,-316,0,0,0,-236,-236,0,0,-276,0,0,276,276,-552,0,552,276,0,0,0,0,0,0,0,0,0,0,0,0,0,0,0,0,0,0,0,0,0,0,0,0,0,0,0,0,0,0,0,0,0,0,0,0,0,0,0,-276,-828,-434,512,710,316,0,0,0,0,0,0,0,0,0,0,-158,-392,-626,-626,158,392,-158,0,158,0,0,0,0,0,0,0,0,0,0,0,0,0,0,0,0,0,0,0,0,0,0,0,0,0,0,0,0,0,0,0,0

0,0,0,0,0,0,0,0,0,0,0,0,0,0,0,0,0,0,0,0,0,0,0,0,0,0,0,0,0,0,0,0,0,0,0,0,0,0,0,-158,-158,0,0,0,-316,-316,0,0,0,-236,-236,0,0,0,0,-276,0,-276,-276,552,552,276,0,0,0,0,0,0,0,0,0,0,0,0,0,0,0,0,0,0,0,0,0,0,0,0,0,0,0,0,0,0,0,0,0,0,0,0,0,0,0,-552,-828,118,828,592,158,0,0,0,0,0,0,0,0,0,0,0,-234,-626,0,784,0,-392,158,158,-392,-392,0,0,0,0,0,0,0,0,0,0,0,0,0,0,0,0,0,0,0,0,0,0,0,0,0,0,0,0,0,0

0,0,0,0,0,0,0,0,0,0,0,0,0,0,0,0,0,0,0,0,0,0,0,0,0,0,0,0,0,0,0,0,0,0,0,0,-276,-434,-316,-474,-158,158,0,0,-316,-316,0,0,0,-236,-236,0,0,0,276,276,0,-276,0,276,0,0,0,0,0,0,0,0,0,0,0,0,0,0,0,0,0,0,0,0,0,0,0,0,0,0,0,0,0,0,0,0,0,0,0,0,0,0,0,0,-276,-828,-552,552,710,158,0,0,0,0,0,0,0,0,0,0,0,0,0,0,392,0,-392,0,0,0,-392,-158,234,0,0,0,0,0,0,0,0,0,0,0,0,0,0,0,0,0,0,0,0,0,0,0,0,0,0,0,0,0

0,0,0,0,0,0,0,0,0,0,0,0,0,0,0,0,0,0,0,0,0,0,0,0,0,0,0,0,0,0,0,0,0,0,0,-158,-592,-474,-198,-158,316,316,0,0,-316,-316,0,0,0,-236,-236,0,0,0,552,552,0,0,0,0,0,0,0,0,0,0,0,0,0,0,0,0,0,0,0,0,0,0,0,0,0,0,0,0,0,0,0,0,0,0,0,0,0,0,0,0,0,0,0,-276,-828,-828,0,828,552,0,0,0,0,0,0,0,0,0,0,0,0,0,0,0,0,-158,234,392,0,0,0,234,234,0,0,0,0,0,0,0,0,0,0,0,0,0,0,0,0,0,0,0,0,0,0,0,0,0,0,0,0,0

0,0,0,0,0,0,0,0,0,0,0,0,0,0,0,0,0,0,0,0,0,0,0,0,0,0,0,0,0,0,0,0,0,-158,-316,-474,-316,118,276,474,474,158,0,0,-316,-316,0,0,0,-236,-236,0,0,276,828,552,0,0,0,0,0,0,0,0,0,0,0,0,0,0,0,0,0,0,0,0,0,0,0,0,0,0,0,0,0,0,0,0,0,0,0,0,0,0,0,0,0,0,0,-276,-434,118,828,828,276,0,0,0,0,0,0,0,0,0,0,0,0,0,0,0,0,234,626,392,0,0,0,0,0,-234,-234,0,0,0,0,0,0,0,0,0,0,0,0,0,0,0,0,0,0,0,0,0,0,0,0,0,0,0

0,0,0,0,0,0,0,0,0,0,0,0,0,0,0,0,0,0,0,0,0,0,0,0,0,0,0,0,0,0,0,-158,-316,-474,-474,-158,158,-118,40,474,158,0,0,0,-158,-158,0,0,0,-236,-236,0,0,276,552,276,0,-276,-276,0,0,0,0,0,0,0,0,0,0,0,0,0,0,0,0,0,0,0,0,0,0,0,0,0,0,0,0,0,0,0,0,0,0,0,0,0,0,-276,-552,-552,-158,552,710,276,0,0,0,0,0,0,0,0,0,0,0,0,0,0,0,0,0,0,0,158,158,0,0,0,0,-234,0,234,0,0,0,0,0,0,0,0,0,0,0,0,0,0,0,0,0,0,0,0,0,0,0,0,0,0

0,0,0,0,0,0,0,0,0,0,0,0,0,0,0,0,0,0,0,0,0,0,0,0,0,0,0,0,0,-158,-316,-474,-474,-316,-158,158,158,-118,316,434,0,0,0,0,0,-158,-158,0,0,-236,-236,0,0,0,276,276,0,-276,-276,0,0,0,276,276,0,0,0,0,0,0,0,0,0,0,0,0,0,0,0,0,0,0,0,0,0,0,0,0,0,0,0,0,0,0,0,0,0,-276,-552,-276,276,434,158,0,0,0,0,0,0,0,0,0,0,0,0,0,0,0,0,0,0,0,0,158,158,0,0,0,0,0,234,392,158,0,0,0,0,0,0,0,0,0,0,0,0,0,0,0,0,0,0,0,0,0,0,0,0,0

0,0,0,0,0,0,0,0,0,0,0,0,0,0,0,0,0,0,0,0,0,0,0,0,0,0,0,-158,-316,-708,-708,-316,-158,0,0,158,316,316,434,276,0,0,0,0,0,-316,-316,0,0,-118,-118,0,0,0,552,552,0,0,-276,-276,0,0,552,552,0,0,0,0,0,0,0,0,0,0,0,0,0,0,0,0,0,0,0,0,0,0,0,0,0,0,0,0,0,0,0,0,0,-276,-276,552,828,276,0,0,0,0,0,0,0,0,0,0,0,0,0,0,0,0,0,0,0,0,0,0,0,0,0,0,0,392,392,158,158,0,-392,-392,0,0,-392,-392,0,0,0,0,0,0,0,0,0,0,0,0,0,0,0,0,0,0

0,0,0,0,0,0,0,0,0,0,0,0,0,0,0,0,0,0,0,0,0,0,0,0,0,-158,-316,-316,-550,-784,0,392,0,-234,-76,474,474,158,0,0,0,0,0,0,0,-316,-316,0,0,0,-118,-118,0,0,276,276,0,0,-276,-276,0,0,276,276,0,0,0,0,0,0,0,0,0,0,0,0,0,0,0,0,0,0,0,0,0,0,0,0,0,0,0,0,0,0,0,0,0,-276,0,552,276,0,0,0,0,0,0,0,0,0,0,0,0,0,0,0,0,0,0,0,0,0,0,0,0,0,0,0,0,392,0,-784,-392,0,-392,-392,0,0,-392,-392,0,0,0,0,0,0,0,0,0,0,0,0,0,0,0,0,0,0

0,0,0,0,0,0,0,0,0,0,0,0,0,0,0,0,0,0,0,0,0,0,0,0,-158,-474,-316,0,-626,-234,784,234,0,82,474,708,158,0,0,0,0,0,0,0,0,-158,-158,0,0,0,-236,-236,0,0,0,0,0,0,0,0,276,552,552,552,276,0,0,0,0,0,0,0,0,0,0,0,0,0,0,0,0,0,0,0,0,0,0,0,0,0,0,0,0,0,0,0,0,0,276,276,0,0,0,0,0,0,0,0,0,0,0,0,0,0,0,0,0,0,0,0,0,0,0,0,0,0,0,0,0,0,-392,-784,-392,0,0,0,0,0,0,0,392,392,0,0,0,0,0,0,0,0,0,0,0,0,0,0,0,0

0,0,0,0,0,0,0,0,0,0,0,0,0,0,0,0,0,0,0,0,0,0,0,-158,-316,-158,158,158,-234,392,626,0,316,474,550,392,0,0,0,0,0,0,0,0,0,0,0,0,0,0,-118,-118,0,0,0,0,276,276,0,0,276,552,552,552,276,0,0,0,0,0,0,0,0,0,0,0,0,0,0,0,0,0,0,0,0,0,0,0,0,0,0,0,0,0,-276,-276,0,0,0,0,0,0,0,0,0,0,0,0,0,0,0,0,0,0,0,0,0,0,0,0,0,0,0,0,0,0,0,0,0,0,0,0,234,626,392,0,-392,-392,0,0,392,234,-158,0,0,0,0,0,0,0,0,0,0,0,0,0,0,0

0,0,0,0,0,0,0,0,0,0,0,0,0,0,0,0,0,0,0,0,0,0,-158,-474,-158,158,0,158,158,234,392,316,316,158,0,0,-158,-434,-276,0,0,0,0,0,0,0,0,0,0,0,0,-118,-118,0,0,0,552,552,0,0,0,0,0,0,0,0,0,0,0,0,0,0,0,0,0,0,0,0,0,0,0,0,0,0,0,0,0,0,0,0,0,0,0,-276,-552,0,276,0,0,0,0,0,0,0,0,0,0,0,0,0,0,0,0,0,0,0,0,0,0,0,0,0,0,0,0,0,0,0,0,0,0,0,234,392,158,0,-392,0,784,392,0,-158,0,158,0,0,0,0,0,0,0,0,0,0,0,0,0,0

0,0,0,0,0,0,0,0,0,0,0,0,0,0,0,0,0,0,0,0,0,-158,-474,-316,158,0,0,158,-158,0,316,158,-158,-316,-316,-316,-474,-710,-118,276,0,0,0,0,0,0,0,0,0,0,0,-118,-118,0,0,0,552,552,0,0,0,0,0,0,0,0,0,0,0,0,0,0,0,0,0,0,0,0,0,0,0,0,0,0,0,0,0,0,0,0,0,-276,-276,-276,0,552,276,0,0,0,0,0,0,0,0,0,0,0,0,0,0,0,0,0,0,0,0,0,0,0,0,0,0,0,0,0,0,0,0,0,0,0,0,-234,-234,0,0,392,626,234,0,0,158,-234,-392,0,0,0,0,0,0,0,0,0,0,0,0,0

0,0,0,0,0,0,0,0,0,0,0,0,0,0,0,0,0,0,0,0,-158,-474,-316,158,158,158,158,-158,0,316,0,-316,-474,-592,-434,-434,-276,40,592,552,0,0,0,0,0,0,0,0,0,0,0,0,0,0,0,0,552,552,0,0,0,0,0,0,0,0,0,0,0,0,0,0,0,0,0,0,0,0,0,0,0,0,0,0,0,0,0,0,0,0,-276,-552,0,276,276,276,0,0,0,0,0,0,0,0,0,0,0,0,0,0,0,0,0,0,0,0,0,0,0,0,0,0,0,0,0,0,0,0,0,0,0,0,0,0,0,0,0,0,-158,-392,-234,0,0,-784,-392,392,0,0,0,0,0,0,0,0,0,0,0,0

0,0,0,0,0,0,0,0,0,0,0,0,0,0,0,0,0,0,0,-392,-942,-550,158,158,0,-234,-392,0,40,-118,-158,-158,0,40,316,316,474,592,434,276,0,0,0,0,0,0,0,0,0,0,0,0,0,0,0,0,552,552,0,0,0,0,0,0,0,0,0,0,0,0,0,0,0,0,0,0,0,0,0,0,0,0,0,0,0,0,0,0,-276,-276,-276,0,552,276,0,0,0,0,0,0,0,0,0,0,0,0,0,0,0,0,0,0,0,0,0,0,0,0,0,0,0,0,0,0,0,0,0,0,0,0,0,0,0,0,0,-392,0,392,0,-234,-234,0,0,-392,0,0,-392,0,0,0,0,0,0,0,0,0,0,0

0,0,0,0,0,0,0,0,0,0,0,0,0,0,0,0,0,0,-158,-550,-550,392,550,0,0,-234,158,550,-118,0,276,158,40,-236,0,118,118,-40,-158,0,0,0,0,0,0,0,0,0,0,0,0,0,158,158,0,0,276,276,0,0,0,0,0,0,0,0,0,0,0,0,0,0,0,0,0,0,0,0,0,0,0,0,0,0,0,0,-276,-276,-276,0,276,276,276,0,0,0,0,0,0,0,0,0,0,0,0,0,0,0,0,0,0,0,0,0,0,0,0,0,0,0,0,0,0,0,0,0,0,0,0,0,0,0,0,0,0,-392,0,392,0,0,0,392,392,0,0,0,392,392,0,0,0,0,0,0,0,0,0,0

0,0,0,0,0,0,0,0,0,0,0,0,0,0,0,0,-392,-392,-158,-392,0,784,392,-158,158,316,550,392,0,0,-158,-316,-592,-710,-316,-198,-434,-552,-118,158,0,0,0,0,0,0,0,0,0,0,0,0,158,158,0,0,0,0,0,0,0,0,0,0,0,0,0,0,0,0,0,0,0,0,0,0,0,0,0,0,0,0,0,0,-276,-552,-552,0,276,276,276,0,0,0,0,0,0,0,0,0,0,0,0,0,0,0,0,0,0,0,0,0,0,0,0,0,0,0,0,0,0,0,0,0,0,0,0,0,0,0,0,0,0,0,0,0,0,0,0,0,0,0,0,0,0,392,626,234,0,0,0,0,0,0,0,0,0,0

0,0,0,0,0,0,0,0,0,0,0,0,0,0,0,0,-392,-392,0,-234,158,550,0,0,316,158,-276,-434,-158,-276,-158,118,0,158,552,552,198,198,592,434,0,0,0,0,0,0,0,0,0,0,0,0,0,0,0,158,158,0,0,0,0,0,0,-276,-276,0,0,0,0,0,0,0,0,0,0,0,0,0,0,0,0,0,-276,-552,-552,-276,276,552,276,0,0,0,0,0,0,0,0,0,0,0,0,0,0,0,0,0,0,0,0,0,0,0,0,0,0,0,0,0,0,0,0,0,0,0,0,0,0,0,0,0,0,0,0,0,0,0,0,0,0,0,0,-392,0,0,-392,0,-158,-392,-234,0,0,0,0,0,0,0,0,0

0,0,0,0,0,0,0,0,0,0,0,-392,-392,0,0,-158,-158,0,392,116,116,392,0,-118,-394,-276,-276,-158,276,158,276,434,316,316,158,0,0,118,394,276,0,0,0,0,0,0,0,0,0,0,0,0,0,0,0,158,158,0,0,276,276,-276,-276,-276,0,276,0,0,0,0,0,0,0,0,0,0,0,0,0,-276,-552,-276,-276,-276,276,552,552,276,0,0,0,0,0,0,0,0,0,0,0,0,0,0,0,0,0,0,0,0,0,0,0,0,0,0,0,0,0,0,0,0,0,0,0,0,0,0,0,0,0,0,0,0,0,0,0,0,0,0,0,392,392,0,392,-392,-784,0,0,-234,-234,0,0,0,0,0,0,0,0,0

0,0,0,0,0,0,0,0,-392,-392,0,-392,-392,0,0,-158,0,158,392,116,0,276,0,-276,-276,276,276,276,434,158,-276,-552,-434,-316,-592,-474,-198,-316,0,158,0,0,0,0,0,0,0,0,0,0,0,0,0,0,0,0,0,0,158,434,0,-828,-552,0,276,276,0,-276,-276,0,0,0,0,0,0,0,-276,-552,-552,-552,-276,276,276,276,552,276,0,0,0,0,0,0,0,0,0,0,0,0,0,0,0,0,0,0,0,0,0,0,0,0,0,0,0,0,0,0,0,0,0,0,0,0,0,0,0,0,0,0,0,0,0,0,0,0,0,0,0,0,0,0,-392,-392,0,-392,0,392,0,0,0,392,0,-392,0,0,0,0,0,0

0,0,0,0,0,0,-158,-158,-392,-158,76,-158,0,392,392,0,158,158,0,0,276,276,-276,-552,-276,0,-276,-276,0,0,-276,-276,118,118,0,276,434,316,474,316,0,0,0,0,0,0,0,0,0,0,0,0,0,0,0,0,0,0,158,158,-158,-434,0,552,276,0,0,-276,0,0,-552,-552,-552,-552,-552,-552,-828,-828,-276,276,552,552,276,0,0,0,0,0,0,0,0,0,0,0,0,0,0,0,0,0,0,0,0,0,0,0,0,0,0,0,0,0,0,0,0,0,0,0,0,0,0,0,0,0,0,0,0,0,0,0,0,0,0,0,0,0,0,0,0,-392,-392,234,234,0,392,392,392,0,-392,392,0,0,0,-392,0,0,0,0

0,0,-392,-550,-158,0,-158,0,158,234,234,158,158,392,392,0,0,-276,-552,-552,-276,0,-276,-276,0,0,0,276,276,0,0,276,552,434,316,316,316,316,316,158,0,0,0,0,0,0,0,0,0,0,0,0,0,0,0,0,0,-392,-392,0,118,0,158,276,0,0,0,0,276,0,-552,-552,-552,-552,-552,-434,-158,276,828,828,276,0,0,0,0,0,0,0,0,0,0,0,0,0,0,0,0,0,0,0,0,0,0,0,0,0,0,0,0,0,0,0,0,0,0,0,0,0,0,0,0,0,0,0,0,0,0,0,0,0,0,0,0,0,0,0,0,0,0,0,392,626,234,-158,-158,0,392,0,0,392,0,392,0,-392,-392,-392,0,0

0,0,-392,-158,392,158,0,158,158,0,158,316,-118,-552,-276,0,0,-276,-276,0,276,276,0,276,552,552,552,552,276,0,0,0,0,0,0,0,0,0,0,0,0,0,0,0,0,0,0,0,0,0,0,0,0,0,0,0,0,-784,-392,392,0,-118,158,118,-158,0,0,0,0,0,-276,-276,0,0,276,670,828,710,552,276,0,0,0,0,0,0,0,0,0,0,0,0,0,0,0,0,0,0,0,0,0,0,0,0,0,0,0,0,0,0,0,0,0,0,0,0,0,0,0,0,0,0,0,0,-276,-276,0,0,0,0,0,0,0,0,0,0,0,0,0,0,0,0,0,0,158,158,0,0,392,0,-784,-392,0,0,0,234,-158,0

0,0,0,392,550,158,0,0,0,-276,-276,0,-276,-276,276,276,0,0,276,552,552,276,0,0,0,0,0,0,0,0,0,0,0,0,0,0,0,0,0,0,0,0,0,0,0,0,0,0,0,0,0,0,0,0,0,-158,-316,-550,392,784,-392,-392,276,394,118,118,-158,-552,-552,-552,-828,-276,552,552,828,828,434,158,0,0,0,0,0,0,0,0,0,0,0,0,0,0,0,0,0,0,0,0,0,0,0,0,0,0,0,0,0,0,0,0,0,0,0,0,0,0,0,0,0,0,0,0,0,0,-276,0,276,0,0,0,-276,-276,0,0,0,0,0,0,0,0,0,0,0,158,316,158,0,0,0,-392,-392,392,392,0,392,626,0,0

0,0,0,0,0,0,0,0,0,-276,0,276,0,276,552,276,0,0,0,0,0,0,0,0,0,0,0,0,0,0,0,0,0,0,0,0,0,0,0,0,0,0,0,0,0,0,0,0,0,0,0,0,0,0,0,-316,-474,0,550,0,-1176,-392,392,0,0,0,-276,-434,-316,-158,0,552,828,552,552,276,0,0,0,0,0,0,0,0,0,0,0,0,0,0,0,0,0,0,0,0,0,0,0,0,0,0,0,0,0,0,0,0,0,0,0,0,0,0,0,0,0,0,0,0,0,0,0,0,0,276,276,0,0,0,-276,0,276,0,0,-276,-276,-276,-276,0,0,0,0,0,0,0,0,0,0,0,392,784,392,-158,-158,0,158,392

0,0,0,0,0,0,0,0,0,0,276,276,0,0,0,0,0,0,0,0,0,0,0,0,0,0,0,0,0,0,0,0,0,0,0,0,0,0,0,0,0,0,0,0,0,0,0,0,0,0,0,0,0,0,0,-316,-316,316,316,-392,-392,784,784,0,0,-118,158,552,394,552,710,552,276,0,0,0,0,0,0,0,0,0,0,0,0,0,0,0,0,0,0,0,0,0,0,0,0,0,0,0,0,0,0,0,0,0,0,0,0,0,0,0,0,0,0,0,0,0,0,0,0,0,0,0,0,0,0,0,0,0,0,276,276,0,0,-276,0,0,0,276,0,0,0,0,0,0,0,-276,-276,0,0,0,0,-158,0,0,-158,392

0,0,0,0,0,0,0,0,0,0,0,0,0,0,0,0,0,0,0,0,0,0,0,0,0,0,0,0,0,0,0,0,0,0,0,0,0,0,0,0,0,0,0,0,0,0,0,0,0,0,0,0,0,0,-158,-474,-158,474,158,-158,392,784,392,0,-392,-392,276,434,158,316,316,0,0,0,0,0,0,0,0,0,0,0,0,0,0,0,0,0,0,0,0,0,0,0,0,0,0,0,0,0,0,0,0,0,0,0,0,0,0,0,0,0,0,0,0,0,0,0,0,0,0,0,0,0,0,0,0,0,0,0,0,0,0,0,0,0,276,276,276,276,0,0,0,0,0,0,0,-276,0,276,0,0,0,0,158,0,0,0

0,0,0,0,0,0,0,0,0,0,0,0,0,0,0,0,0,0,0,0,0,0,0,0,0,0,0,0,0,0,0,0,0,0,0,0,0,0,0,0,0,0,0,0,0,0,0,0,0,0,0,0,-158,-316,-474,-474,158,474,-158,-158,158,0,0,-392,-784,0,392,0,0,158,158,0,0,0,0,0,0,0,0,0,0,0,0,0,0,0,0,0,0,0,0,0,0,0,0,0,0,0,0,0,0,0,0,0,0,0,0,0,0,0,0,0,0,0,0,0,0,0,0,0,0,0,0,0,0,0,0,0,0,0,0,0,0,0,0,0,0,0,0,0,0,0,0,0,0,0,0,0,276,276,0,0,0,0,0,0,158,0

0,0,0,0,0,0,0,0,0,0,0,0,0,0,0,0,0,0,0,0,0,0,0,0,0,0,0,0,0,0,0,0,0,0,0,0,0,0,0,0,0,0,0,0,0,0,0,0,0,0,0,-158,-474,-474,-316,-158,316,158,-474,0,316,0,-392,-784,0,784,392,0,0,0,0,0,0,0,0,0,0,0,0,0,0,0,0,0,0,0,0,0,0,0,0,0,0,0,0,0,0,0,0,0,0,0,0,0,0,0,0,0,0,0,0,0,0,0,0,0,0,0,0,0,0,0,0,0,0,0,0,0,0,0,0,0,0,0,0,0,0,0,0,0,0,0,-276,-276,0,0,0,0,0,0,0,0,0,0,0,0,0,0

0,0,0,0,0,0,0,0,0,0,0,0,0,0,0,0,0,0,0,0,0,0,0,0,0,0,0,0,0,0,0,0,0,0,0,0,0,0,0,0,0,0,0,0,0,0,0,0,0,0,0,-316,-474,-158,0,0,158,-158,-316,316,158,-316,-550,0,784,234,-158,-158,-316,-316,-316,-158,0,0,0,0,0,0,0,0,0,0,0,0,0,0,0,0,0,0,0,0,0,0,0,0,0,0,0,0,0,0,0,0,0,0,0,0,0,0,0,0,0,0,0,0,0,0,0,0,0,0,0,0,0,0,0,0,0,0,0,0,0,0,0,0,0,0,0,0,0,0,-276,0,276,0,0,0,0,0,0,0,0,0,0,0,0,0

0,0,0,0,0,0,0,0,0,0,0,0,0,0,0,0,0,0,0,0,0,0,0,0,0,0,0,0,0,0,0,0,0,0,0,0,0,0,0,0,0,0,0,0,0,0,0,0,0,0,0,-316,-316,0,0,0,0,-158,158,474,-158,-316,158,550,234,-474,-316,-316,-474,-316,-316,0,158,0,0,0,0,0,0,0,0,-158,-158,0,0,0,0,0,0,0,0,0,0,0,0,0,0,0,0,0,0,0,0,0,0,0,0,0,0,0,0,0,0,0,0,0,0,0,0,0,0,0,0,0,0,0,0,0,0,0,0,0,0,0,0,0,0,0,0,0,0,0,0,276,276,0,0,0,0,0,0,0,0,0,0,0,0,0

0,0,0,0,0,0,0,0,0,0,0,0,0,0,0,0,0,0,0,0,0,0,0,0,0,0,0,0,0,0,0,0,0,0,0,0,0,0,0,0,0,0,0,0,0,0,0,0,0,0,0,-316,-316,0,0,0,0,-234,82,158,-316,158,474,158,-316,-474,-158,-158,-158,0,0,158,158,0,0,0,0,0,0,-158,-316,-474,-316,-392,-392,0,0,0,0,0,0,0,0,0,0,0,0,0,0,0,0,0,0,0,0,0,0,0,0,0,0,0,0,0,0,0,0,0,0,0,0,0,0,0,0,0,0,0,0,0,0,0,0,0,0,0,0,0,0,0,0,0,0,0,0,0,0,0,0,0,0,0,0,0,0,0,0,0

0,0,0,0,0,0,0,0,0,0,0,0,0,0,0,0,0,0,0,0,0,0,0,0,0,0,0,0,0,0,0,0,0,0,0,0,0,0,0,0,0,0,0,0,0,0,0,0,0,0,0,-316,-316,0,0,0,-234,-310,474,234,-158,316,158,0,-316,-316,0,0,0,0,0,0,158,158,0,0,0,0,0,-316,-474,-316,-158,-392,-392,0,0,0,0,0,0,0,0,0,0,0,0,0,0,0,0,0,0,0,0,0,0,0,0,0,0,0,0,0,0,0,0,0,0,0,0,0,0,0,0,0,0,0,0,0,0,0,0,0,0,0,0,0,0,0,0,0,0,0,0,0,0,0,0,0,0,0,0,0,0,0,0,0

0,0,0,0,0,0,0,0,0,0,0,0,0,0,0,0,0,0,0,0,0,0,0,0,0,0,0,0,0,0,0,0,0,0,0,0,0,0,0,0,0,0,0,0,0,0,0,0,0,0,0,-158,0,316,316,158,-76,474,550,-316,0,316,0,0,-158,-158,0,0,0,0,0,158,474,316,0,0,0,0,-392,-708,-316,-234,-468,-234,0,392,392,0,0,0,0,0,0,0,0,0,0,0,0,0,0,0,0,0,0,0,0,0,0,0,0,0,0,0,0,0,0,0,0,0,0,0,0,0,0,0,0,0,0,0,0,0,0,0,0,0,0,0,0,0,0,0,0,0,0,0,0,0,0,0,0,0,0,0,0,0,0,0

0,0,0,0,0,0,0,0,0,0,0,0,0,0,0,0,0,0,0,0,0,0,0,0,0,0,0,0,0,0,0,0,0,0,0,0,0,0,0,0,0,0,0,0,0,0,0,0,0,0,-158,-158,158,316,-76,-234,316,708,-158,-474,392,316,0,0,0,-392,-392,0,0,0,158,474,474,158,0,0,0,0,-392,-316,76,-234,-234,234,392,708,550,0,0,0,0,0,0,0,0,0,0,0,0,0,0,0,0,0,0,0,0,0,0,0,0,0,0,0,0,0,0,0,0,0,0,0,0,0,0,0,0,0,0,0,0,0,0,0,0,0,0,0,0,0,0,0,0,0,0,0,0,0,0,0,0,0,0,0,0,0,0,0

0,0,0,0,0,0,0,0,0,0,0,0,0,0,0,0,0,0,0,0,0,0,0,0,0,0,0,0,0,0,0,0,0,0,0,0,0,0,0,0,0,0,0,0,0,0,0,0,0,0,-158,0,158,-392,-784,0,550,0,-474,-82,550,316,0,0,0,-392,0,550,316,316,474,474,158,0,0,0,0,0,0,76,76,0,234,234,316,474,158,0,0,0,0,0,0,0,0,0,0,0,0,0,0,0,0,0,0,0,0,0,0,0,0,0,0,0,0,0,0,0,0,0,0,0,0,0,0,0,0,0,0,0,0,0,0,0,0,0,0,0,0,0,0,0,0,0,0,0,0,0,0,0,0,0,0,0,0,0,0,0

0,0,0,0,0,0,0,0,0,0,0,0,0,0,0,0,0,0,0,0,0,0,0,0,0,0,0,0,0,0,0,0,0,0,0,0,0,0,0,0,0,0,0,0,0,0,0,0,0,0,0,158,-234,-784,0,784,392,-316,-474,0,474,316,0,0,0,0,392,550,316,316,316,158,0,0,0,0,0,0,0,-158,0,316,316,82,474,550,0,0,0,0,0,0,0,0,0,0,0,0,0,0,0,0,0,0,0,0,0,0,0,0,0,0,0,0,0,0,0,0,0,0,0,0,0,0,0,0,0,0,0,0,0,0,0,0,0,0,0,0,0,0,0,0,0,0,0,0,0,0,0,0,0,0,0,0,0,0,0,0

0,0,0,0,0,0,0,0,0,0,0,0,0,0,0,0,0,0,0,0,0,0,0,0,0,0,0,0,0,0,0,0,0,0,0,0,0,0,0,0,0,0,0,0,0,0,0,0,0,0,0,0,-392,0,784,392,0,-158,0,474,474,158,0,0,0,0,0,0,0,0,0,0,0,0,0,0,0,0,0,0,158,316,316,316,550,392,0,0,0,0,0,0,0,0,0,0,0,0,0,0,0,0,0,0,0,0,0,0,0,0,0,0,0,0,0,0,0,0,0,0,0,0,0,0,0,0,0,0,0,0,0,0,0,0,0,0,0,0,0,0,0,0,0,0,0,0,0,0,0,0,0,0,0,0,0,0,0,0

0,0,0,0,0,0,0,0,0,0,0,0,0,0,0,0,0,0,0,0,0,0,0,0,0,0,0,0,0,0,0,0,0,0,0,0,0,0,0,0,0,0,0,0,0,0,0,0,0,0,0,0,0,392,392,0,0,0,158,316,158,0,0,0,0,0,0,0,0,0,0,0,0,0,0,0,0,0,0,0,0,0,0,0,0,0,0,0,0,0,0,0,0,0,0,0,0,0,0,0,0,0,0,0,0,0,0,0,0,0,0,0,0,0,0,0,0,0,0,0,0,0,0,0,0,0,0,0,0,0,0,0,0,0,0,0,0,0,0,0,0,0,0,0,0,0,0,0,0,0,0,0,0,0,0,0,0,0

0,0,0,0,0,0,0,0,0,0,0,0,0,0,0,0,0,0,0,0,0,0,0,0,0,0,0,0,0,0,0,0,0,0,0,0,0,0,0,0,0,0,0,0,0,0,0,0,0,0,0,0,0,0,0,0,0,0,0,0,0,0,0,0,0,0,0,0,0,0,0,0,0,0,0,0,0,0,0,0,0,0,0,0,0,0,0,0,0,0,0,0,0,0,0,0,0,0,0,0,0,0,0,0,0,0,0,0,0,0,0,0,0,0,0,0,0,0,0,0,0,0,0,0,0,0,0,0,0,0,0,0,0,0,0,0,0,0,0,0,0,0,0,0,0,0,0,0,0,0,0,0,0,0,0,0,0,0

0,0,0,0,0,0,0,0,0,0,0,0,0,0,0,0,0,0,0,0,0,0,0,0,0,0,0,0,0,0,0,0,0,0,0,0,0,0,0,0,0,0,0,0,0,0,0,0,0,0,0,0,0,0,0,0,0,0,0,0,0,0,0,0,0,0,0,0,0,0,0,0,0,0,0,0,0,0,0,0,0,0,0,0,0,0,0,0,0,0,0,0,0,0,0,0,0,0,0,0,0,0,0,0,0,0,0,0,0,0,0,0,0,0,0,0,0,0,0,0,0,0,0,0,0,0,0,0,0,0,0,0,0,0,0,0,0,0,0,0,0,0,0,0,0,0,0,0,0,0,0,0,0,0,0,0,0,0
